# F502N
4.907000000000000000e+03 6.747979999999999723e-05
4.908000000000000000e+03 7.456529999999999571e-05
4.909000000000000000e+03 8.165099999999999463e-05
4.910000000000000000e+03 8.873639999999999967e-05
4.911000000000000000e+03 9.583050000000000346e-05
4.912000000000000000e+03 1.029259999999999968e-04
4.913000000000000000e+03 1.100230000000000001e-04
4.914000000000000000e+03 1.171200000000000035e-04
4.915000000000000000e+03 1.242190000000000113e-04
4.916000000000000000e+03 1.313189999999999941e-04
4.917000000000000000e+03 1.384210000000000084e-04
4.918000000000000000e+03 1.455240000000000114e-04
4.919000000000000000e+03 1.526269999999999873e-04
4.920000000000000000e+03 1.597330000000000104e-04
4.921000000000000000e+03 1.668290000000000116e-04
4.922000000000000000e+03 1.739260000000000014e-04
4.923000000000000000e+03 1.810220000000000026e-04
4.924000000000000000e+03 1.881200000000000081e-04
4.925000000000000000e+03 1.952179999999999866e-04
4.926000000000000000e+03 2.023159999999999922e-04
4.927000000000000000e+03 2.094139999999999977e-04
4.928000000000000000e+03 2.165129999999999919e-04
4.929000000000000000e+03 2.236120000000000132e-04
4.930000000000000000e+03 2.307119999999999961e-04
4.931000000000000000e+03 2.378299999999999913e-04
4.932000000000000000e+03 2.449500000000000180e-04
4.933000000000000000e+03 2.520709999999999791e-04
4.934000000000000000e+03 2.591940000000000259e-04
4.935000000000000000e+03 2.663179999999999801e-04
4.936000000000000000e+03 2.734430000000000042e-04
4.937000000000000000e+03 2.805700000000000056e-04
4.938000000000000000e+03 2.876989999999999843e-04
4.939000000000000000e+03 2.948289999999999787e-04
4.940000000000000000e+03 3.019599999999999888e-04
4.941000000000000000e+03 3.489829999999999755e-04
4.942000000000000000e+03 3.960209999999999815e-04
4.943000000000000000e+03 4.430719999999999754e-04
4.944000000000000000e+03 4.901369999999999729e-04
4.945000000000000000e+03 5.372149999999999582e-04
4.946000000000000000e+03 5.843110000000000101e-04
4.947000000000000000e+03 6.314159999999999868e-04
4.948000000000000000e+03 6.785359999999999829e-04
4.949000000000000000e+03 7.256709999999999983e-04
4.950000000000000000e+03 7.728190000000000016e-04
4.951000000000000000e+03 8.198189999999999514e-04
4.952000000000000000e+03 8.668149999999999467e-04
4.953000000000000000e+03 9.138030000000000328e-04
4.954000000000000000e+03 9.607879999999999632e-04
4.955000000000000000e+03 1.007770000000000063e-03
4.956000000000000000e+03 1.107679999999999993e-03
4.957000000000000000e+03 1.207589999999999922e-03
4.958000000000000000e+03 1.307479999999999970e-03
4.959000000000000000e+03 1.407360000000000078e-03
4.960000000000000000e+03 1.507239999999999969e-03
4.961000000000000000e+03 1.699290000000000002e-03
4.962000000000000000e+03 1.891399999999999896e-03
4.963000000000000000e+03 2.083559999999999926e-03
4.964000000000000000e+03 2.275759999999999936e-03
4.965000000000000000e+03 2.468020000000000023e-03
4.966000000000000000e+03 2.772460000000000029e-03
4.967000000000000000e+03 3.076970000000000052e-03
4.968000000000000000e+03 3.381560000000000035e-03
4.969000000000000000e+03 3.686239999999999916e-03
4.970000000000000000e+03 3.990999999999999756e-03
4.971000000000000000e+03 4.523349999999999767e-03
4.972000000000000000e+03 5.055800000000000051e-03
4.973000000000000000e+03 5.588369999999999622e-03
4.974000000000000000e+03 6.121050000000000275e-03
4.975000000000000000e+03 6.653840000000000275e-03
4.976000000000000000e+03 7.808579999999999861e-03
4.977000000000000000e+03 8.963590000000000446e-03
4.978000000000000000e+03 1.011880000000000071e-02
4.979000000000000000e+03 1.127429999999999925e-02
4.980000000000000000e+03 1.243000000000000008e-02
4.981000000000000000e+03 1.515900000000000060e-02
4.982000000000000000e+03 1.788819999999999993e-02
4.983000000000000000e+03 2.061750000000000041e-02
4.984000000000000000e+03 2.334709999999999910e-02
4.985000000000000000e+03 2.607690000000000008e-02
4.986000000000000000e+03 3.241680000000000256e-02
4.987000000000000000e+03 3.875710000000000266e-02
4.988000000000000000e+03 4.509799999999999920e-02
4.989000000000000000e+03 5.143940000000000318e-02
4.990000000000000000e+03 5.778119999999999784e-02
4.991000000000000000e+03 7.495150000000000423e-02
4.992000000000000000e+03 9.212710000000000343e-02
4.993000000000000000e+03 1.093080000000000024e-01
4.994000000000000000e+03 1.264939999999999953e-01
4.995000000000000000e+03 1.436850000000000072e-01
4.996000000000000000e+03 1.646710000000000118e-01
4.997000000000000000e+03 1.856619999999999937e-01
4.998000000000000000e+03 2.066590000000000094e-01
4.999000000000000000e+03 2.276630000000000043e-01
5.000000000000000000e+03 2.486740000000000061e-01
5.001000000000000000e+03 2.571840000000000237e-01
5.002000000000000000e+03 2.656950000000000145e-01
5.003000000000000000e+03 2.742080000000000073e-01
5.004000000000000000e+03 2.827200000000000268e-01
5.005000000000000000e+03 2.912350000000000216e-01
5.006000000000000000e+03 2.897879999999999900e-01
5.007000000000000000e+03 2.883399999999999852e-01
5.008000000000000000e+03 2.868930000000000091e-01
5.009000000000000000e+03 2.854439999999999755e-01
5.010000000000000000e+03 2.839960000000000262e-01
5.011000000000000000e+03 2.824050000000000171e-01
5.012000000000000000e+03 2.808129999999999793e-01
5.013000000000000000e+03 2.792209999999999970e-01
5.014000000000000000e+03 2.776290000000000147e-01
5.015000000000000000e+03 2.760369999999999768e-01
5.016000000000000000e+03 2.760639999999999761e-01
5.017000000000000000e+03 2.760900000000000021e-01
5.018000000000000000e+03 2.761170000000000013e-01
5.019000000000000000e+03 2.761440000000000006e-01
5.020000000000000000e+03 2.761700000000000266e-01
5.021000000000000000e+03 2.754139999999999922e-01
5.022000000000000000e+03 2.746569999999999845e-01
5.023000000000000000e+03 2.739019999999999788e-01
5.024000000000000000e+03 2.731450000000000267e-01
5.025000000000000000e+03 2.723889999999999922e-01
5.026000000000000000e+03 2.695659999999999723e-01
5.027000000000000000e+03 2.667439999999999811e-01
5.028000000000000000e+03 2.639210000000000167e-01
5.029000000000000000e+03 2.610970000000000235e-01
5.030000000000000000e+03 2.582729999999999748e-01
5.031000000000000000e+03 2.585339999999999860e-01
5.032000000000000000e+03 2.587949999999999973e-01
5.033000000000000000e+03 2.590560000000000085e-01
5.034000000000000000e+03 2.593170000000000197e-01
5.035000000000000000e+03 2.595779999999999754e-01
5.036000000000000000e+03 2.618019999999999792e-01
5.037000000000000000e+03 2.640259999999999829e-01
5.038000000000000000e+03 2.662519999999999887e-01
5.039000000000000000e+03 2.684770000000000212e-01
5.040000000000000000e+03 2.707019999999999982e-01
5.041000000000000000e+03 2.690389999999999726e-01
5.042000000000000000e+03 2.673730000000000273e-01
5.043000000000000000e+03 2.657079999999999997e-01
5.044000000000000000e+03 2.640419999999999989e-01
5.045000000000000000e+03 2.623759999999999981e-01
5.046000000000000000e+03 2.458849999999999925e-01
5.047000000000000000e+03 2.293890000000000096e-01
5.048000000000000000e+03 2.128889999999999949e-01
5.049000000000000000e+03 1.963830000000000020e-01
5.050000000000000000e+03 1.798730000000000051e-01
5.051000000000000000e+03 1.598819999999999963e-01
5.052000000000000000e+03 1.398870000000000113e-01
5.053000000000000000e+03 1.198879999999999946e-01
5.054000000000000000e+03 9.988420000000000631e-02
5.055000000000000000e+03 7.987660000000000593e-02
5.056000000000000000e+03 7.045460000000000611e-02
5.057000000000000000e+03 6.103080000000000310e-02
5.058000000000000000e+03 5.160490000000000216e-02
5.059000000000000000e+03 4.217719999999999803e-02
5.060000000000000000e+03 3.274749999999999883e-02
5.061000000000000000e+03 2.942289999999999836e-02
5.062000000000000000e+03 2.609730000000000036e-02
5.063000000000000000e+03 2.277099999999999957e-02
5.064000000000000000e+03 1.944370000000000126e-02
5.065000000000000000e+03 1.611560000000000076e-02
5.066000000000000000e+03 1.449860000000000038e-02
5.067000000000000000e+03 1.288120000000000064e-02
5.068000000000000000e+03 1.126330000000000039e-02
5.069000000000000000e+03 9.645070000000000379e-03
5.070000000000000000e+03 8.026379999999999626e-03
5.071000000000000000e+03 7.333550000000000312e-03
5.072000000000000000e+03 6.640609999999999916e-03
5.073000000000000000e+03 5.947580000000000054e-03
5.074000000000000000e+03 5.254459999999999860e-03
5.075000000000000000e+03 4.561240000000000260e-03
5.076000000000000000e+03 4.211470000000000144e-03
5.077000000000000000e+03 3.861659999999999832e-03
5.078000000000000000e+03 3.511810000000000192e-03
5.079000000000000000e+03 3.161900000000000040e-03
5.080000000000000000e+03 2.811950000000000126e-03
5.081000000000000000e+03 2.605650000000000154e-03
5.082000000000000000e+03 2.399319999999999925e-03
5.083000000000000000e+03 2.192949999999999934e-03
5.084000000000000000e+03 1.986560000000000062e-03
5.085000000000000000e+03 1.780129999999999994e-03
5.086000000000000000e+03 1.695340000000000041e-03
5.087000000000000000e+03 1.610539999999999932e-03
5.088000000000000000e+03 1.525719999999999941e-03
5.089000000000000000e+03 1.440899999999999950e-03
5.090000000000000000e+03 1.356060000000000078e-03
5.091000000000000000e+03 1.271290000000000007e-03
5.092000000000000000e+03 1.186489999999999897e-03
5.093000000000000000e+03 1.101669999999999906e-03
5.094000000000000000e+03 1.016830000000000034e-03
5.095000000000000000e+03 9.319569999999999677e-04
5.096000000000000000e+03 8.470619999999999886e-04
5.097000000000000000e+03 7.621420000000000495e-04
5.098000000000000000e+03 6.771970000000000420e-04
5.099000000000000000e+03 5.922259999999999504e-04
5.100000000000000000e+03 5.072279999999999758e-04
5.101000000000000000e+03 4.956490000000000245e-04
5.102000000000000000e+03 4.840639999999999787e-04
5.103000000000000000e+03 4.724730000000000010e-04
5.104000000000000000e+03 4.608759999999999832e-04
5.105000000000000000e+03 4.492729999999999792e-04
5.106000000000000000e+03 4.376660000000000207e-04
5.107000000000000000e+03 4.260520000000000062e-04
5.108000000000000000e+03 4.144320000000000057e-04
5.109000000000000000e+03 4.028069999999999806e-04
5.110000000000000000e+03 3.911760000000000237e-04
5.111000000000000000e+03 3.794930000000000070e-04
5.112000000000000000e+03 3.678069999999999972e-04
5.113000000000000000e+03 3.561179999999999944e-04
5.114000000000000000e+03 3.444270000000000144e-04
5.115000000000000000e+03 3.327329999999999871e-04
5.116000000000000000e+03 3.210360000000000210e-04
5.117000000000000000e+03 3.093360000000000077e-04
5.118000000000000000e+03 2.976330000000000013e-04
5.119000000000000000e+03 2.859280000000000176e-04
5.120000000000000000e+03 2.742199999999999868e-04
5.121000000000000000e+03 2.625290000000000067e-04
5.122000000000000000e+03 2.508340000000000179e-04
5.123000000000000000e+03 2.391340000000000045e-04
5.124000000000000000e+03 2.274300000000000095e-04
5.125000000000000000e+03 2.157209999999999900e-04
5.126000000000000000e+03 2.040079999999999888e-04
5.127000000000000000e+03 1.922899999999999902e-04
5.128000000000000000e+03 1.805680000000000100e-04
5.129000000000000000e+03 1.688419999999999938e-04
5.130000000000000000e+03 1.571110000000000074e-04
5.131000000000000000e+03 1.453690000000000104e-04
5.132000000000000000e+03 1.336250000000000090e-04
5.133000000000000000e+03 1.218759999999999966e-04
5.134000000000000000e+03 1.101249999999999934e-04
5.135000000000000000e+03 9.836950000000000067e-05
5.136000000000000000e+03 8.661069999999999392e-05
5.137000000000000000e+03 7.484860000000000027e-05
5.138000000000000000e+03 6.308309999999999916e-05
