# F892N
8.690000000000000000e+03 4.519040000000000020e-05
8.691000000000000000e+03 4.613310000000000051e-05
8.692000000000000000e+03 4.707459999999999818e-05
8.693000000000000000e+03 4.801550000000000132e-05
8.694000000000000000e+03 4.895540000000000227e-05
8.695000000000000000e+03 4.989460000000000168e-05
8.696000000000000000e+03 5.083289999999999911e-05
8.697000000000000000e+03 5.176980000000000026e-05
8.698000000000000000e+03 5.270640000000000074e-05
8.699000000000000000e+03 5.364189999999999882e-05
8.700000000000000000e+03 5.457680000000000235e-05
8.701000000000000000e+03 5.549160000000000247e-05
8.702000000000000000e+03 5.640499999999999952e-05
8.703000000000000000e+03 5.731690000000000005e-05
8.704000000000000000e+03 5.822719999999999708e-05
8.705000000000000000e+03 5.913609999999999781e-05
8.706000000000000000e+03 6.004340000000000182e-05
8.707000000000000000e+03 6.094940000000000297e-05
8.708000000000000000e+03 6.185359999999999340e-05
8.709000000000000000e+03 6.275639999999999431e-05
8.710000000000000000e+03 6.365769999999999870e-05
8.711000000000000000e+03 7.025330000000000040e-05
8.712000000000000000e+03 7.684040000000000380e-05
8.713000000000000000e+03 8.341870000000000144e-05
8.714000000000000000e+03 8.998919999999999554e-05
8.715000000000000000e+03 9.655120000000000488e-05
8.716000000000000000e+03 1.031039999999999940e-04
8.717000000000000000e+03 1.096490000000000068e-04
8.718000000000000000e+03 1.161860000000000019e-04
8.719000000000000000e+03 1.227140000000000045e-04
8.720000000000000000e+03 1.292330000000000009e-04
8.721000000000000000e+03 1.357390000000000094e-04
8.722000000000000000e+03 1.422370000000000004e-04
8.723000000000000000e+03 1.487260000000000123e-04
8.724000000000000000e+03 1.552050000000000022e-04
8.725000000000000000e+03 1.616760000000000018e-04
8.726000000000000000e+03 1.681379999999999951e-04
8.727000000000000000e+03 1.745899999999999937e-04
8.728000000000000000e+03 1.810349999999999904e-04
8.729000000000000000e+03 1.874699999999999923e-04
8.730000000000000000e+03 1.938959999999999881e-04
8.731000000000000000e+03 2.003060000000000029e-04
8.732000000000000000e+03 2.067089999999999889e-04
8.733000000000000000e+03 2.131009999999999914e-04
8.734000000000000000e+03 2.194839999999999877e-04
8.735000000000000000e+03 2.258580000000000049e-04
8.736000000000000000e+03 2.322220000000000003e-04
8.737000000000000000e+03 2.385769999999999894e-04
8.738000000000000000e+03 2.449239999999999881e-04
8.739000000000000000e+03 2.512600000000000033e-04
8.740000000000000000e+03 2.575880000000000010e-04
8.741000000000000000e+03 2.639310000000000180e-04
8.742000000000000000e+03 2.702650000000000018e-04
8.743000000000000000e+03 2.765929999999999995e-04
8.744000000000000000e+03 2.829120000000000181e-04
8.745000000000000000e+03 2.892230000000000191e-04
8.746000000000000000e+03 2.955260000000000027e-04
8.747000000000000000e+03 3.018200000000000071e-04
8.748000000000000000e+03 3.081059999999999940e-04
8.749000000000000000e+03 3.143840000000000176e-04
8.750000000000000000e+03 3.206560000000000009e-04
8.751000000000000000e+03 3.476379999999999943e-04
8.752000000000000000e+03 3.745770000000000154e-04
8.753000000000000000e+03 4.014719999999999942e-04
8.754000000000000000e+03 4.283250000000000165e-04
8.755000000000000000e+03 4.551369999999999895e-04
8.756000000000000000e+03 4.819029999999999972e-04
8.757000000000000000e+03 5.086290000000000255e-04
8.758000000000000000e+03 5.353099999999999959e-04
8.759000000000000000e+03 5.619489999999999555e-04
8.760000000000000000e+03 5.885449999999999970e-04
8.761000000000000000e+03 6.152139999999999952e-04
8.762000000000000000e+03 6.418469999999999688e-04
8.763000000000000000e+03 6.684510000000000278e-04
8.764000000000000000e+03 6.950180000000000463e-04
8.765000000000000000e+03 7.215509999999999632e-04
8.766000000000000000e+03 7.480530000000000426e-04
8.767000000000000000e+03 7.745249999999999748e-04
8.768000000000000000e+03 8.009630000000000222e-04
8.769000000000000000e+03 8.273630000000000134e-04
8.770000000000000000e+03 8.537360000000000131e-04
8.771000000000000000e+03 8.799819999999999648e-04
8.772000000000000000e+03 9.061839999999999826e-04
8.773000000000000000e+03 9.323499999999999757e-04
8.774000000000000000e+03 9.584790000000000367e-04
8.775000000000000000e+03 9.845669999999999943e-04
8.776000000000000000e+03 1.048920000000000061e-03
8.777000000000000000e+03 1.113180000000000072e-03
8.778000000000000000e+03 1.177349999999999968e-03
8.779000000000000000e+03 1.241429999999999964e-03
8.780000000000000000e+03 1.305409999999999904e-03
8.781000000000000000e+03 1.391829999999999934e-03
8.782000000000000000e+03 1.478130000000000025e-03
8.783000000000000000e+03 1.564309999999999963e-03
8.784000000000000000e+03 1.650369999999999962e-03
8.785000000000000000e+03 1.736310000000000024e-03
8.786000000000000000e+03 1.859130000000000071e-03
8.787000000000000000e+03 1.981779999999999826e-03
8.788000000000000000e+03 2.104260000000000158e-03
8.789000000000000000e+03 2.226559999999999824e-03
8.790000000000000000e+03 2.348700000000000006e-03
8.791000000000000000e+03 2.514900000000000035e-03
8.792000000000000000e+03 2.680909999999999890e-03
8.793000000000000000e+03 2.846679999999999870e-03
8.794000000000000000e+03 3.012250000000000170e-03
8.795000000000000000e+03 3.177609999999999983e-03
8.796000000000000000e+03 3.447299999999999930e-03
8.797000000000000000e+03 3.716629999999999847e-03
8.798000000000000000e+03 3.985609999999999674e-03
8.799000000000000000e+03 4.254250000000000219e-03
8.800000000000000000e+03 4.522540000000000240e-03
8.801000000000000000e+03 4.876459999999999996e-03
8.802000000000000000e+03 5.229909999999999941e-03
8.803000000000000000e+03 5.582840000000000372e-03
8.804000000000000000e+03 5.935320000000000006e-03
8.805000000000000000e+03 6.287260000000000244e-03
8.806000000000000000e+03 6.909199999999999890e-03
8.807000000000000000e+03 7.530270000000000366e-03
8.808000000000000000e+03 8.150469999999999937e-03
8.809000000000000000e+03 8.769799999999999471e-03
8.810000000000000000e+03 9.388320000000000345e-03
8.811000000000000000e+03 1.018999999999999941e-02
8.812000000000000000e+03 1.099050000000000027e-02
8.813000000000000000e+03 1.178979999999999959e-02
8.814000000000000000e+03 1.258790000000000082e-02
8.815000000000000000e+03 1.338489999999999992e-02
8.816000000000000000e+03 1.476670000000000066e-02
8.817000000000000000e+03 1.614650000000000113e-02
8.818000000000000000e+03 1.752429999999999960e-02
8.819000000000000000e+03 1.890000000000000013e-02
8.820000000000000000e+03 2.027369999999999867e-02
8.821000000000000000e+03 2.224189999999999848e-02
8.822000000000000000e+03 2.420730000000000104e-02
8.823000000000000000e+03 2.616970000000000060e-02
8.824000000000000000e+03 2.812939999999999885e-02
8.825000000000000000e+03 3.008639999999999926e-02
8.826000000000000000e+03 3.646139999999999798e-02
8.827000000000000000e+03 4.282729999999999870e-02
8.828000000000000000e+03 4.918399999999999855e-02
8.829000000000000000e+03 5.553170000000000328e-02
8.830000000000000000e+03 6.187000000000000138e-02
8.831000000000000000e+03 6.720710000000000572e-02
8.832000000000000000e+03 7.253669999999999563e-02
8.833000000000000000e+03 7.785889999999999478e-02
8.834000000000000000e+03 8.317410000000000081e-02
8.835000000000000000e+03 8.848150000000000459e-02
8.836000000000000000e+03 9.448620000000000629e-02
8.837000000000000000e+03 1.004830000000000029e-01
8.838000000000000000e+03 1.064699999999999952e-01
8.839000000000000000e+03 1.124499999999999944e-01
8.840000000000000000e+03 1.184209999999999985e-01
8.841000000000000000e+03 1.278130000000000099e-01
8.842000000000000000e+03 1.371900000000000064e-01
8.843000000000000000e+03 1.465529999999999888e-01
8.844000000000000000e+03 1.559020000000000128e-01
8.845000000000000000e+03 1.652359999999999940e-01
8.846000000000000000e+03 1.701509999999999967e-01
8.847000000000000000e+03 1.750589999999999924e-01
8.848000000000000000e+03 1.799600000000000088e-01
8.849000000000000000e+03 1.848529999999999895e-01
8.850000000000000000e+03 1.897389999999999910e-01
8.851000000000000000e+03 1.937550000000000106e-01
8.852000000000000000e+03 1.977649999999999963e-01
8.853000000000000000e+03 2.017680000000000029e-01
8.854000000000000000e+03 2.057650000000000035e-01
8.855000000000000000e+03 2.097549999999999970e-01
8.856000000000000000e+03 2.076399999999999912e-01
8.857000000000000000e+03 2.055279999999999885e-01
8.858000000000000000e+03 2.034179999999999877e-01
8.859000000000000000e+03 2.013119999999999910e-01
8.860000000000000000e+03 1.992079999999999962e-01
8.861000000000000000e+03 1.992089999999999972e-01
8.862000000000000000e+03 1.992099999999999982e-01
8.863000000000000000e+03 1.992099999999999982e-01
8.864000000000000000e+03 1.992099999999999982e-01
8.865000000000000000e+03 1.992099999999999982e-01
8.866000000000000000e+03 1.988250000000000017e-01
8.867000000000000000e+03 1.984380000000000033e-01
8.868000000000000000e+03 1.980510000000000048e-01
8.869000000000000000e+03 1.976660000000000084e-01
8.870000000000000000e+03 1.972790000000000099e-01
8.871000000000000000e+03 1.949480000000000102e-01
8.872000000000000000e+03 1.926190000000000124e-01
8.873000000000000000e+03 1.902939999999999909e-01
8.874000000000000000e+03 1.879709999999999992e-01
8.875000000000000000e+03 1.856520000000000115e-01
8.876000000000000000e+03 1.853490000000000137e-01
8.877000000000000000e+03 1.850459999999999883e-01
8.878000000000000000e+03 1.847439999999999916e-01
8.879000000000000000e+03 1.844409999999999938e-01
8.880000000000000000e+03 1.841399999999999981e-01
8.881000000000000000e+03 1.867050000000000098e-01
8.882000000000000000e+03 1.892659999999999898e-01
8.883000000000000000e+03 1.918229999999999935e-01
8.884000000000000000e+03 1.943759999999999932e-01
8.885000000000000000e+03 1.969229999999999869e-01
8.886000000000000000e+03 1.962669999999999970e-01
8.887000000000000000e+03 1.956120000000000081e-01
8.888000000000000000e+03 1.949579999999999924e-01
8.889000000000000000e+03 1.943050000000000055e-01
8.890000000000000000e+03 1.936519999999999908e-01
8.891000000000000000e+03 1.971940000000000082e-01
8.892000000000000000e+03 2.007319999999999938e-01
8.893000000000000000e+03 2.042640000000000011e-01
8.894000000000000000e+03 2.077910000000000035e-01
8.895000000000000000e+03 2.113119999999999998e-01
8.896000000000000000e+03 2.105789999999999884e-01
8.897000000000000000e+03 2.098470000000000057e-01
8.898000000000000000e+03 2.091159999999999963e-01
8.899000000000000000e+03 2.083849999999999869e-01
8.900000000000000000e+03 2.076550000000000062e-01
8.901000000000000000e+03 2.081800000000000039e-01
8.902000000000000000e+03 2.087050000000000016e-01
8.903000000000000000e+03 2.092279999999999973e-01
8.904000000000000000e+03 2.097489999999999910e-01
8.905000000000000000e+03 2.102690000000000115e-01
8.906000000000000000e+03 2.101280000000000092e-01
8.907000000000000000e+03 2.099870000000000070e-01
8.908000000000000000e+03 2.098450000000000037e-01
8.909000000000000000e+03 2.097030000000000005e-01
8.910000000000000000e+03 2.095609999999999973e-01
8.911000000000000000e+03 2.113649999999999973e-01
8.912000000000000000e+03 2.131669999999999954e-01
8.913000000000000000e+03 2.149659999999999904e-01
8.914000000000000000e+03 2.167610000000000092e-01
8.915000000000000000e+03 2.185529999999999973e-01
8.916000000000000000e+03 2.154880000000000129e-01
8.917000000000000000e+03 2.124280000000000057e-01
8.918000000000000000e+03 2.093720000000000026e-01
8.919000000000000000e+03 2.063210000000000044e-01
8.920000000000000000e+03 2.032740000000000102e-01
8.921000000000000000e+03 2.053590000000000138e-01
8.922000000000000000e+03 2.074400000000000133e-01
8.923000000000000000e+03 2.095200000000000118e-01
8.924000000000000000e+03 2.115950000000000053e-01
8.925000000000000000e+03 2.136659999999999948e-01
8.926000000000000000e+03 2.116470000000000018e-01
8.927000000000000000e+03 2.096300000000000108e-01
8.928000000000000000e+03 2.076159999999999950e-01
8.929000000000000000e+03 2.056050000000000100e-01
8.930000000000000000e+03 2.035970000000000002e-01
8.931000000000000000e+03 2.033729999999999982e-01
8.932000000000000000e+03 2.031489999999999962e-01
8.933000000000000000e+03 2.029249999999999943e-01
8.934000000000000000e+03 2.027019999999999933e-01
8.935000000000000000e+03 2.024789999999999923e-01
8.936000000000000000e+03 2.031189999999999940e-01
8.937000000000000000e+03 2.037589999999999957e-01
8.938000000000000000e+03 2.043969999999999954e-01
8.939000000000000000e+03 2.050339999999999940e-01
8.940000000000000000e+03 2.056699999999999917e-01
8.941000000000000000e+03 2.042120000000000046e-01
8.942000000000000000e+03 2.027559999999999918e-01
8.943000000000000000e+03 2.013010000000000077e-01
8.944000000000000000e+03 1.998489999999999989e-01
8.945000000000000000e+03 1.983989999999999920e-01
8.946000000000000000e+03 1.986009999999999998e-01
8.947000000000000000e+03 1.988010000000000055e-01
8.948000000000000000e+03 1.990020000000000122e-01
8.949000000000000000e+03 1.992029999999999912e-01
8.950000000000000000e+03 1.994019999999999959e-01
8.951000000000000000e+03 1.997460000000000069e-01
8.952000000000000000e+03 2.000909999999999911e-01
8.953000000000000000e+03 2.004340000000000011e-01
8.954000000000000000e+03 2.007770000000000110e-01
8.955000000000000000e+03 2.011179999999999912e-01
8.956000000000000000e+03 1.995969999999999966e-01
8.957000000000000000e+03 1.980760000000000021e-01
8.958000000000000000e+03 1.965590000000000115e-01
8.959000000000000000e+03 1.950419999999999932e-01
8.960000000000000000e+03 1.935280000000000056e-01
8.961000000000000000e+03 1.937220000000000053e-01
8.962000000000000000e+03 1.939160000000000050e-01
8.963000000000000000e+03 1.941090000000000038e-01
8.964000000000000000e+03 1.943010000000000015e-01
8.965000000000000000e+03 1.944929999999999992e-01
8.966000000000000000e+03 1.953739999999999921e-01
8.967000000000000000e+03 1.962530000000000108e-01
8.968000000000000000e+03 1.971310000000000007e-01
8.969000000000000000e+03 1.980069999999999886e-01
8.970000000000000000e+03 1.988810000000000022e-01
8.971000000000000000e+03 1.991680000000000117e-01
8.972000000000000000e+03 1.994539999999999924e-01
8.973000000000000000e+03 1.997400000000000009e-01
8.974000000000000000e+03 2.000250000000000083e-01
8.975000000000000000e+03 2.003089999999999871e-01
8.976000000000000000e+03 1.998290000000000066e-01
8.977000000000000000e+03 1.993469999999999964e-01
8.978000000000000000e+03 1.988669999999999882e-01
8.979000000000000000e+03 1.983880000000000088e-01
8.980000000000000000e+03 1.979090000000000016e-01
8.981000000000000000e+03 1.925300000000000067e-01
8.982000000000000000e+03 1.871609999999999940e-01
8.983000000000000000e+03 1.817989999999999884e-01
8.984000000000000000e+03 1.764459999999999917e-01
8.985000000000000000e+03 1.711010000000000031e-01
8.986000000000000000e+03 1.630790000000000017e-01
8.987000000000000000e+03 1.550690000000000124e-01
8.988000000000000000e+03 1.470720000000000083e-01
8.989000000000000000e+03 1.390879999999999894e-01
8.990000000000000000e+03 1.311150000000000093e-01
8.991000000000000000e+03 1.228140000000000065e-01
8.992000000000000000e+03 1.145240000000000008e-01
8.993000000000000000e+03 1.062450000000000061e-01
8.994000000000000000e+03 9.797849999999999615e-02
8.995000000000000000e+03 8.972320000000000295e-02
8.996000000000000000e+03 8.275029999999999886e-02
8.997000000000000000e+03 7.578719999999999901e-02
8.998000000000000000e+03 6.883419999999999817e-02
8.999000000000000000e+03 6.189069999999999988e-02
9.000000000000000000e+03 5.495680000000000009e-02
9.001000000000000000e+03 5.027009999999999812e-02
9.002000000000000000e+03 4.559189999999999771e-02
9.003000000000000000e+03 4.092180000000000123e-02
9.004000000000000000e+03 3.625989999999999769e-02
9.005000000000000000e+03 3.160639999999999977e-02
9.006000000000000000e+03 2.918509999999999854e-02
9.007000000000000000e+03 2.676829999999999835e-02
9.008000000000000000e+03 2.435570000000000096e-02
9.009000000000000000e+03 2.194739999999999885e-02
9.010000000000000000e+03 1.954349999999999837e-02
9.011000000000000000e+03 1.786590000000000053e-02
9.012000000000000000e+03 1.619069999999999884e-02
9.013000000000000000e+03 1.451810000000000080e-02
9.014000000000000000e+03 1.284779999999999950e-02
9.015000000000000000e+03 1.118000000000000070e-02
9.016000000000000000e+03 1.042599999999999950e-02
9.017000000000000000e+03 9.673140000000000210e-03
9.018000000000000000e+03 8.921300000000000063e-03
9.019000000000000000e+03 8.170570000000000263e-03
9.020000000000000000e+03 7.420979999999999764e-03
9.021000000000000000e+03 6.861090000000000244e-03
9.022000000000000000e+03 6.302130000000000405e-03
9.023000000000000000e+03 5.744049999999999677e-03
9.024000000000000000e+03 5.186800000000000091e-03
9.025000000000000000e+03 4.630440000000000424e-03
9.026000000000000000e+03 4.357859999999999859e-03
9.027000000000000000e+03 4.085690000000000328e-03
9.028000000000000000e+03 3.813940000000000038e-03
9.029000000000000000e+03 3.542630000000000171e-03
9.030000000000000000e+03 3.271730000000000037e-03
9.031000000000000000e+03 3.067219999999999842e-03
9.032000000000000000e+03 2.863039999999999856e-03
9.033000000000000000e+03 2.659180000000000137e-03
9.034000000000000000e+03 2.455629999999999879e-03
9.035000000000000000e+03 2.252420000000000203e-03
9.036000000000000000e+03 2.137299999999999964e-03
9.037000000000000000e+03 2.022369999999999897e-03
9.038000000000000000e+03 1.907620000000000062e-03
9.039000000000000000e+03 1.793059999999999966e-03
9.040000000000000000e+03 1.678669999999999945e-03
9.041000000000000000e+03 1.592960000000000036e-03
9.042000000000000000e+03 1.507380000000000005e-03
9.043000000000000000e+03 1.421930000000000069e-03
9.044000000000000000e+03 1.336610000000000012e-03
9.045000000000000000e+03 1.251420000000000050e-03
9.046000000000000000e+03 1.219639999999999917e-03
9.047000000000000000e+03 1.187920000000000078e-03
9.048000000000000000e+03 1.156240000000000002e-03
9.049000000000000000e+03 1.124599999999999905e-03
9.050000000000000000e+03 1.093020000000000103e-03
9.051000000000000000e+03 1.061459999999999964e-03
9.052000000000000000e+03 1.029940000000000022e-03
9.053000000000000000e+03 9.984779999999999090e-04
9.054000000000000000e+03 9.670660000000000410e-04
9.055000000000000000e+03 9.357039999999999845e-04
9.056000000000000000e+03 9.043880000000000018e-04
9.057000000000000000e+03 8.731260000000000019e-04
9.058000000000000000e+03 8.419119999999999989e-04
9.059000000000000000e+03 8.107470000000000085e-04
9.060000000000000000e+03 7.796300000000000148e-04
9.061000000000000000e+03 7.485050000000000037e-04
9.062000000000000000e+03 7.174390000000000541e-04
9.063000000000000000e+03 6.864240000000000402e-04
9.064000000000000000e+03 6.554640000000000249e-04
9.065000000000000000e+03 6.245619999999999471e-04
9.066000000000000000e+03 5.937130000000000532e-04
9.067000000000000000e+03 5.629149999999999866e-04
9.068000000000000000e+03 5.321689999999999797e-04
9.069000000000000000e+03 5.014810000000000188e-04
9.070000000000000000e+03 4.708480000000000022e-04
9.071000000000000000e+03 4.621690000000000130e-04
9.072000000000000000e+03 4.535079999999999819e-04
9.073000000000000000e+03 4.448559999999999841e-04
9.074000000000000000e+03 4.362169999999999741e-04
9.075000000000000000e+03 4.275899999999999905e-04
9.076000000000000000e+03 4.189740000000000174e-04
9.077000000000000000e+03 4.103740000000000252e-04
9.078000000000000000e+03 4.017830000000000121e-04
9.079000000000000000e+03 3.932060000000000026e-04
9.080000000000000000e+03 3.846419999999999809e-04
9.081000000000000000e+03 3.760500000000000062e-04
9.082000000000000000e+03 3.674740000000000124e-04
9.083000000000000000e+03 3.589110000000000065e-04
9.084000000000000000e+03 3.503609999999999884e-04
9.085000000000000000e+03 3.418249999999999739e-04
9.086000000000000000e+03 3.333049999999999945e-04
9.087000000000000000e+03 3.247990000000000187e-04
9.088000000000000000e+03 3.163080000000000080e-04
9.089000000000000000e+03 3.078299999999999851e-04
9.090000000000000000e+03 2.993669999999999816e-04
9.091000000000000000e+03 2.909289999999999923e-04
9.092000000000000000e+03 2.825039999999999908e-04
9.093000000000000000e+03 2.740929999999999929e-04
9.094000000000000000e+03 2.656959999999999986e-04
9.095000000000000000e+03 2.573109999999999764e-04
9.096000000000000000e+03 2.489409999999999735e-04
9.097000000000000000e+03 2.405859999999999900e-04
9.098000000000000000e+03 2.322430000000000056e-04
9.099000000000000000e+03 2.239139999999999978e-04
9.100000000000000000e+03 2.155989999999999936e-04
9.101000000000000000e+03 2.073189999999999983e-04
9.102000000000000000e+03 1.990499999999999865e-04
9.103000000000000000e+03 1.907930000000000010e-04
9.104000000000000000e+03 1.825490000000000034e-04
9.105000000000000000e+03 1.743150000000000005e-04
9.106000000000000000e+03 1.660950000000000013e-04
9.107000000000000000e+03 1.578870000000000013e-04
9.108000000000000000e+03 1.496910000000000005e-04
9.109000000000000000e+03 1.415069999999999989e-04
9.110000000000000000e+03 1.333349999999999965e-04
9.111000000000000000e+03 1.307509999999999955e-04
9.112000000000000000e+03 1.281719999999999919e-04
9.113000000000000000e+03 1.255969999999999971e-04
9.114000000000000000e+03 1.230260000000000110e-04
9.115000000000000000e+03 1.204590000000000066e-04
9.116000000000000000e+03 1.178959999999999974e-04
9.117000000000000000e+03 1.153379999999999992e-04
9.118000000000000000e+03 1.127829999999999940e-04
9.119000000000000000e+03 1.102329999999999998e-04
9.120000000000000000e+03 1.076870000000000008e-04
9.121000000000000000e+03 1.051449999999999970e-04
9.122000000000000000e+03 1.026070000000000020e-04
9.123000000000000000e+03 1.000730000000000022e-04
9.124000000000000000e+03 9.754370000000000596e-05
9.125000000000000000e+03 9.501849999999999836e-05
9.126000000000000000e+03 9.249729999999999953e-05
9.127000000000000000e+03 8.998040000000000335e-05
9.128000000000000000e+03 8.746690000000000107e-05
9.129000000000000000e+03 8.495859999999999664e-05
9.130000000000000000e+03 8.245399999999999355e-05
9.131000000000000000e+03 7.994690000000000531e-05
9.132000000000000000e+03 7.744430000000000660e-05
9.133000000000000000e+03 7.494610000000000399e-05
9.134000000000000000e+03 7.245300000000000579e-05
9.135000000000000000e+03 6.996379999999999581e-05
9.136000000000000000e+03 6.747959999999999679e-05
9.137000000000000000e+03 6.500030000000000174e-05
9.138000000000000000e+03 6.252509999999999535e-05
9.139000000000000000e+03 6.005469999999999949e-05
9.140000000000000000e+03 5.758910000000000060e-05
9.141000000000000000e+03 5.513359999999999675e-05
9.142000000000000000e+03 5.268240000000000233e-05
9.143000000000000000e+03 5.023510000000000291e-05
9.144000000000000000e+03 4.779199999999999914e-05
9.145000000000000000e+03 4.535299999999999759e-05
