# FR1016N
9.436000000000000000e+03 7.565770000000000070e-06
9.437000000000000000e+03 7.660210000000000643e-06
9.438000000000000000e+03 7.759930000000000427e-06
9.439000000000000000e+03 7.859320000000000843e-06
9.440000000000000000e+03 7.958430000000000305e-06
9.441000000000000000e+03 8.057520000000000063e-06
9.442000000000000000e+03 8.156350000000000267e-06
9.443000000000000000e+03 8.260460000000000529e-06
9.444000000000000000e+03 8.364220000000000023e-06
9.445000000000000000e+03 8.467639999999999450e-06
9.446000000000000000e+03 8.570840000000000427e-06
9.447000000000000000e+03 8.673610000000000122e-06
9.448000000000000000e+03 8.781790000000000499e-06
9.449000000000000000e+03 8.889639999999999814e-06
9.450000000000000000e+03 8.997070000000000241e-06
9.451000000000000000e+03 9.103639999999999798e-06
9.452000000000000000e+03 9.209790000000000467e-06
9.453000000000000000e+03 9.321350000000000124e-06
9.454000000000000000e+03 9.432480000000000194e-06
9.455000000000000000e+03 9.543309999999999605e-06
9.456000000000000000e+03 9.653750000000000533e-06
9.457000000000000000e+03 9.763860000000000399e-06
9.458000000000000000e+03 9.879160000000000803e-06
9.459000000000000000e+03 9.994330000000000583e-06
9.460000000000000000e+03 1.010899999999999927e-05
9.461000000000000000e+03 1.022370000000000005e-05
9.462000000000000000e+03 1.033799999999999995e-05
9.463000000000000000e+03 1.045769999999999984e-05
9.464000000000000000e+03 1.057710000000000076e-05
9.465000000000000000e+03 1.069600000000000059e-05
9.466000000000000000e+03 1.081459999999999976e-05
9.467000000000000000e+03 1.093279999999999975e-05
9.468000000000000000e+03 1.105619999999999928e-05
9.469000000000000000e+03 1.117929999999999984e-05
9.470000000000000000e+03 1.130199999999999953e-05
9.471000000000000000e+03 1.142440000000000026e-05
9.472000000000000000e+03 1.154640000000000011e-05
9.473000000000000000e+03 1.167349999999999928e-05
9.474000000000000000e+03 1.180039999999999971e-05
9.475000000000000000e+03 1.192680000000000073e-05
9.476000000000000000e+03 1.205279999999999919e-05
9.477000000000000000e+03 1.217840000000000015e-05
9.478000000000000000e+03 1.230920000000000066e-05
9.479000000000000000e+03 1.243970000000000052e-05
9.480000000000000000e+03 1.256960000000000075e-05
9.481000000000000000e+03 1.269899999999999988e-05
9.482000000000000000e+03 1.282789999999999961e-05
9.483000000000000000e+03 1.296210000000000080e-05
9.484000000000000000e+03 1.309560000000000045e-05
9.485000000000000000e+03 1.322879999999999945e-05
9.486000000000000000e+03 1.336159999999999926e-05
9.487000000000000000e+03 1.349389999999999967e-05
9.488000000000000000e+03 1.363139999999999963e-05
9.489000000000000000e+03 1.376829999999999996e-05
9.490000000000000000e+03 1.390479999999999941e-05
9.491000000000000000e+03 1.403999999999999941e-05
9.492000000000000000e+03 1.417480000000000022e-05
9.493000000000000000e+03 1.431449999999999991e-05
9.494000000000000000e+03 1.445370000000000021e-05
9.495000000000000000e+03 1.459239999999999940e-05
9.496000000000000000e+03 1.473079999999999964e-05
9.497000000000000000e+03 1.486860000000000025e-05
9.498000000000000000e+03 1.501119999999999953e-05
9.499000000000000000e+03 1.515339999999999962e-05
9.500000000000000000e+03 1.529499999999999840e-05
9.501000000000000000e+03 1.543729999999999872e-05
9.502000000000000000e+03 1.557890000000000089e-05
9.503000000000000000e+03 1.572530000000000003e-05
9.504000000000000000e+03 1.587130000000000168e-05
9.505000000000000000e+03 1.601679999999999884e-05
9.506000000000000000e+03 1.616180000000000169e-05
9.507000000000000000e+03 1.630619999999999983e-05
9.508000000000000000e+03 1.645530000000000151e-05
9.509000000000000000e+03 1.660399999999999891e-05
9.510000000000000000e+03 1.675209999999999839e-05
9.511000000000000000e+03 1.690030000000000148e-05
9.512000000000000000e+03 1.704779999999999965e-05
9.513000000000000000e+03 1.719990000000000112e-05
9.514000000000000000e+03 1.735150000000000150e-05
9.515000000000000000e+03 1.750260000000000078e-05
9.516000000000000000e+03 1.765319999999999897e-05
9.517000000000000000e+03 1.780319999999999922e-05
9.518000000000000000e+03 1.795769999999999918e-05
9.519000000000000000e+03 1.811150000000000100e-05
9.520000000000000000e+03 1.826509999999999899e-05
9.521000000000000000e+03 1.841689999999999980e-05
9.522000000000000000e+03 1.856839999999999996e-05
9.523000000000000000e+03 1.872399999999999895e-05
9.524000000000000000e+03 1.887910000000000022e-05
9.525000000000000000e+03 1.903390000000000084e-05
9.526000000000000000e+03 1.918769999999999927e-05
9.527000000000000000e+03 1.934120000000000042e-05
9.528000000000000000e+03 1.949859999999999997e-05
9.529000000000000000e+03 1.965569999999999885e-05
9.530000000000000000e+03 1.981199999999999937e-05
9.531000000000000000e+03 1.996840000000000011e-05
9.532000000000000000e+03 2.012439999999999997e-05
9.533000000000000000e+03 2.028410000000000117e-05
9.534000000000000000e+03 2.044359999999999854e-05
9.535000000000000000e+03 2.060220000000000072e-05
9.536000000000000000e+03 2.076039999999999862e-05
9.537000000000000000e+03 2.091789999999999839e-05
9.538000000000000000e+03 2.107909999999999949e-05
9.539000000000000000e+03 2.123959999999999905e-05
9.540000000000000000e+03 2.139999999999999840e-05
9.541000000000000000e+03 2.155759999999999838e-05
9.542000000000000000e+03 2.171519999999999836e-05
9.543000000000000000e+03 2.187589999999999836e-05
9.544000000000000000e+03 2.203610000000000066e-05
9.545000000000000000e+03 2.219570000000000164e-05
9.546000000000000000e+03 2.235460000000000108e-05
9.547000000000000000e+03 2.251299999999999943e-05
9.548000000000000000e+03 2.267470000000000162e-05
9.549000000000000000e+03 2.283559999999999868e-05
9.550000000000000000e+03 2.299590000000000119e-05
9.551000000000000000e+03 2.315760000000000000e-05
9.552000000000000000e+03 2.331860000000000066e-05
9.553000000000000000e+03 2.348280000000000156e-05
9.554000000000000000e+03 2.364610000000000049e-05
9.555000000000000000e+03 2.380899999999999854e-05
9.556000000000000000e+03 2.397129999999999866e-05
9.557000000000000000e+03 2.413290000000000064e-05
9.558000000000000000e+03 2.429749999999999903e-05
9.559000000000000000e+03 2.446149999999999949e-05
9.560000000000000000e+03 2.462440000000000093e-05
9.561000000000000000e+03 2.478589999999999930e-05
9.562000000000000000e+03 2.494700000000000018e-05
9.563000000000000000e+03 2.511039999999999933e-05
9.564000000000000000e+03 2.527330000000000077e-05
9.565000000000000000e+03 2.543550000000000067e-05
9.566000000000000000e+03 2.559709999999999926e-05
9.567000000000000000e+03 2.575769999999999904e-05
9.568000000000000000e+03 2.592129999999999863e-05
9.569000000000000000e+03 2.608389999999999941e-05
9.570000000000000000e+03 2.624599999999999909e-05
9.571000000000000000e+03 2.640770000000000129e-05
9.572000000000000000e+03 2.656929999999999988e-05
9.573000000000000000e+03 2.673269999999999903e-05
9.574000000000000000e+03 2.689560000000000046e-05
9.575000000000000000e+03 2.705770000000000015e-05
9.576000000000000000e+03 2.721949999999999918e-05
9.577000000000000000e+03 2.738039999999999962e-05
9.578000000000000000e+03 2.754340000000000128e-05
9.579000000000000000e+03 2.770550000000000096e-05
9.580000000000000000e+03 2.786699999999999933e-05
9.581000000000000000e+03 2.802500000000000019e-05
9.582000000000000000e+03 2.818229999999999951e-05
9.583000000000000000e+03 2.834099999999999852e-05
9.584000000000000000e+03 2.849950000000000047e-05
9.585000000000000000e+03 2.865710000000000045e-05
9.586000000000000000e+03 2.881370000000000163e-05
9.587000000000000000e+03 2.896979999999999832e-05
9.588000000000000000e+03 2.912759999999999875e-05
9.589000000000000000e+03 2.928430000000000014e-05
9.590000000000000000e+03 2.944050000000000044e-05
9.591000000000000000e+03 2.960029999999999847e-05
9.592000000000000000e+03 2.975949999999999857e-05
9.593000000000000000e+03 2.991980000000000109e-05
9.594000000000000000e+03 3.007949999999999890e-05
9.595000000000000000e+03 3.023859999999999878e-05
9.596000000000000000e+03 3.039690000000000030e-05
9.597000000000000000e+03 3.055480000000000094e-05
9.598000000000000000e+03 3.071340000000000311e-05
9.599000000000000000e+03 3.087159999999999763e-05
9.600000000000000000e+03 3.102909999999999740e-05
9.601000000000000000e+03 3.118659999999999716e-05
9.602000000000000000e+03 3.134390000000000326e-05
9.603000000000000000e+03 3.150209999999999778e-05
9.604000000000000000e+03 3.165919999999999666e-05
9.605000000000000000e+03 3.181630000000000233e-05
9.606000000000000000e+03 3.197189999999999792e-05
9.607000000000000000e+03 3.212760000000000052e-05
9.608000000000000000e+03 3.228369999999999721e-05
9.609000000000000000e+03 3.243899999999999892e-05
9.610000000000000000e+03 3.259379999999999954e-05
9.611000000000000000e+03 3.274600000000000124e-05
9.612000000000000000e+03 3.289730000000000096e-05
9.613000000000000000e+03 3.304940000000000243e-05
9.614000000000000000e+03 3.320020000000000105e-05
9.615000000000000000e+03 3.335089999999999946e-05
9.616000000000000000e+03 3.350070000000000267e-05
9.617000000000000000e+03 3.364999999999999800e-05
9.618000000000000000e+03 3.379909999999999967e-05
9.619000000000000000e+03 3.394780000000000047e-05
9.620000000000000000e+03 3.409569999999999951e-05
9.621000000000000000e+03 3.424220000000000226e-05
9.622000000000000000e+03 3.438740000000000216e-05
9.623000000000000000e+03 3.453310000000000315e-05
9.624000000000000000e+03 3.467770000000000173e-05
9.625000000000000000e+03 3.482169999999999900e-05
9.626000000000000000e+03 3.496530000000000216e-05
9.627000000000000000e+03 3.510800000000000335e-05
9.628000000000000000e+03 3.525029999999999689e-05
9.629000000000000000e+03 3.539259999999999721e-05
9.630000000000000000e+03 3.553330000000000079e-05
9.631000000000000000e+03 3.567610000000000220e-05
9.632000000000000000e+03 3.581810000000000186e-05
9.633000000000000000e+03 3.595990000000000108e-05
9.634000000000000000e+03 3.610109999999999898e-05
9.635000000000000000e+03 3.624120000000000125e-05
9.636000000000000000e+03 3.638110000000000307e-05
9.637000000000000000e+03 3.652020000000000315e-05
9.638000000000000000e+03 3.665850000000000147e-05
9.639000000000000000e+03 3.679649999999999913e-05
9.640000000000000000e+03 3.693330000000000094e-05
9.641000000000000000e+03 3.706680000000000229e-05
9.642000000000000000e+03 3.719990000000000276e-05
9.643000000000000000e+03 3.733180000000000060e-05
9.644000000000000000e+03 3.746319999999999734e-05
9.645000000000000000e+03 3.759419999999999998e-05
9.646000000000000000e+03 3.772389999999999977e-05
9.647000000000000000e+03 3.785339999999999912e-05
9.648000000000000000e+03 3.798209999999999672e-05
9.649000000000000000e+03 3.810949999999999825e-05
9.650000000000000000e+03 3.823659999999999912e-05
9.651000000000000000e+03 3.836649999999999935e-05
9.652000000000000000e+03 3.849619999999999914e-05
9.653000000000000000e+03 3.862480000000000329e-05
9.654000000000000000e+03 3.875249999999999870e-05
9.655000000000000000e+03 3.887980000000000000e-05
9.656000000000000000e+03 3.900660000000000021e-05
9.657000000000000000e+03 3.913199999999999735e-05
9.658000000000000000e+03 3.925679999999999995e-05
9.659000000000000000e+03 3.938100000000000124e-05
9.660000000000000000e+03 3.950399999999999989e-05
9.661000000000000000e+03 3.962429999999999940e-05
9.662000000000000000e+03 3.974409999999999781e-05
9.663000000000000000e+03 3.986249999999999993e-05
9.664000000000000000e+03 3.998020000000000051e-05
9.665000000000000000e+03 4.009709999999999934e-05
9.666000000000000000e+03 4.021369999999999752e-05
9.667000000000000000e+03 4.032960000000000093e-05
9.668000000000000000e+03 4.044370000000000040e-05
9.669000000000000000e+03 4.055769999999999964e-05
9.670000000000000000e+03 4.067099999999999736e-05
9.671000000000000000e+03 4.078269999999999834e-05
9.672000000000000000e+03 4.089459999999999976e-05
9.673000000000000000e+03 4.100479999999999745e-05
9.674000000000000000e+03 4.111379999999999928e-05
9.675000000000000000e+03 4.122290000000000134e-05
9.676000000000000000e+03 4.133080000000000076e-05
9.677000000000000000e+03 4.143829999999999931e-05
9.678000000000000000e+03 4.154400000000000069e-05
9.679000000000000000e+03 4.164890000000000031e-05
9.680000000000000000e+03 4.175359999999999949e-05
9.681000000000000000e+03 4.185889999999999999e-05
9.682000000000000000e+03 4.196249999999999676e-05
9.683000000000000000e+03 4.206559999999999922e-05
9.684000000000000000e+03 4.216749999999999904e-05
9.685000000000000000e+03 4.226849999999999688e-05
9.686000000000000000e+03 4.236920000000000085e-05
9.687000000000000000e+03 4.246959999999999738e-05
9.688000000000000000e+03 4.256750000000000198e-05
9.689000000000000000e+03 4.266570000000000047e-05
9.690000000000000000e+03 4.276220000000000200e-05
9.691000000000000000e+03 4.285979999999999917e-05
9.692000000000000000e+03 4.295710000000000245e-05
9.693000000000000000e+03 4.305220000000000092e-05
9.694000000000000000e+03 4.314659999999999784e-05
9.695000000000000000e+03 4.324090000000000133e-05
9.696000000000000000e+03 4.333380000000000174e-05
9.697000000000000000e+03 4.342690000000000260e-05
9.698000000000000000e+03 4.351769999999999841e-05
9.699000000000000000e+03 4.360799999999999990e-05
9.700000000000000000e+03 4.369749999999999963e-05
9.701000000000000000e+03 4.378639999999999806e-05
9.702000000000000000e+03 4.387440000000000128e-05
9.703000000000000000e+03 4.396060000000000055e-05
9.704000000000000000e+03 4.404629999999999873e-05
9.705000000000000000e+03 4.413160000000000281e-05
9.706000000000000000e+03 4.421599999999999814e-05
9.707000000000000000e+03 4.429999999999999937e-05
9.708000000000000000e+03 4.438150000000000189e-05
9.709000000000000000e+03 4.446339999999999852e-05
9.710000000000000000e+03 4.454389999999999885e-05
9.711000000000000000e+03 4.462200000000000069e-05
9.712000000000000000e+03 4.469910000000000034e-05
9.713000000000000000e+03 4.477440000000000283e-05
9.714000000000000000e+03 4.484929999999999765e-05
9.715000000000000000e+03 4.492299999999999663e-05
9.716000000000000000e+03 4.499719999999999669e-05
9.717000000000000000e+03 4.506969999999999981e-05
9.718000000000000000e+03 4.514110000000000052e-05
9.719000000000000000e+03 4.521169999999999947e-05
9.720000000000000000e+03 4.528189999999999754e-05
9.721000000000000000e+03 4.535299999999999759e-05
9.722000000000000000e+03 4.542379999999999698e-05
9.723000000000000000e+03 4.549229999999999810e-05
9.724000000000000000e+03 4.556130000000000032e-05
9.725000000000000000e+03 4.562879999999999925e-05
9.726000000000000000e+03 4.569599999999999753e-05
9.727000000000000000e+03 4.576290000000000192e-05
9.728000000000000000e+03 4.582820000000000280e-05
9.729000000000000000e+03 4.589250000000000149e-05
9.730000000000000000e+03 4.595680000000000018e-05
9.731000000000000000e+03 4.601920000000000148e-05
9.732000000000000000e+03 4.608180000000000322e-05
9.733000000000000000e+03 4.614300000000000189e-05
9.734000000000000000e+03 4.620309999999999814e-05
9.735000000000000000e+03 4.626300000000000074e-05
9.736000000000000000e+03 4.632200000000000136e-05
9.737000000000000000e+03 4.638080000000000154e-05
9.738000000000000000e+03 4.643809999999999843e-05
9.739000000000000000e+03 4.649480000000000079e-05
9.740000000000000000e+03 4.655100000000000204e-05
9.741000000000000000e+03 4.660670000000000221e-05
9.742000000000000000e+03 4.666079999999999886e-05
9.743000000000000000e+03 4.671470000000000185e-05
9.744000000000000000e+03 4.676770000000000287e-05
9.745000000000000000e+03 4.681980000000000191e-05
9.746000000000000000e+03 4.687160000000000030e-05
9.747000000000000000e+03 4.692269999999999715e-05
9.748000000000000000e+03 4.697329999999999968e-05
9.749000000000000000e+03 4.702330000000000089e-05
9.750000000000000000e+03 4.707240000000000014e-05
9.751000000000000000e+03 4.712260000000000179e-05
9.752000000000000000e+03 4.717190000000000147e-05
9.753000000000000000e+03 4.722080000000000027e-05
9.754000000000000000e+03 4.726820000000000256e-05
9.755000000000000000e+03 4.731589999999999874e-05
9.756000000000000000e+03 4.736350000000000147e-05
9.757000000000000000e+03 4.740970000000000112e-05
9.758000000000000000e+03 4.745590000000000078e-05
9.759000000000000000e+03 4.750149999999999913e-05
9.760000000000000000e+03 4.754660000000000315e-05
9.761000000000000000e+03 4.759230000000000171e-05
9.762000000000000000e+03 4.763630000000000333e-05
9.763000000000000000e+03 4.768109999999999992e-05
9.764000000000000000e+03 4.772520000000000175e-05
9.765000000000000000e+03 4.776840000000000160e-05
9.766000000000000000e+03 4.781140000000000102e-05
9.767000000000000000e+03 4.785409999999999978e-05
9.768000000000000000e+03 4.789729999999999964e-05
9.769000000000000000e+03 4.793910000000000321e-05
9.770000000000000000e+03 4.798110000000000043e-05
9.771000000000000000e+03 4.801749999999999893e-05
9.772000000000000000e+03 4.805330000000000289e-05
9.773000000000000000e+03 4.808960000000000117e-05
9.774000000000000000e+03 4.812630000000000033e-05
9.775000000000000000e+03 4.816150000000000297e-05
9.776000000000000000e+03 4.819639999999999818e-05
9.777000000000000000e+03 4.823059999999999864e-05
9.778000000000000000e+03 4.826670000000000325e-05
9.779000000000000000e+03 4.830209999999999956e-05
9.780000000000000000e+03 4.833720000000000199e-05
9.781000000000000000e+03 4.837700000000000116e-05
9.782000000000000000e+03 4.841790000000000275e-05
9.783000000000000000e+03 4.845909999999999823e-05
9.784000000000000000e+03 4.850070000000000135e-05
9.785000000000000000e+03 4.854130000000000228e-05
9.786000000000000000e+03 4.858219999999999710e-05
9.787000000000000000e+03 4.862160000000000218e-05
9.788000000000000000e+03 4.866450000000000138e-05
9.789000000000000000e+03 4.870579999999999707e-05
9.790000000000000000e+03 4.874830000000000217e-05
9.791000000000000000e+03 4.878669999999999827e-05
9.792000000000000000e+03 4.882530000000000160e-05
9.793000000000000000e+03 4.886709999999999839e-05
9.794000000000000000e+03 4.890910000000000239e-05
9.795000000000000000e+03 4.894920000000000222e-05
9.796000000000000000e+03 4.899019999999999726e-05
9.797000000000000000e+03 4.902990000000000299e-05
9.798000000000000000e+03 4.907439999999999893e-05
9.799000000000000000e+03 4.911799999999999966e-05
9.800000000000000000e+03 4.916079999999999864e-05
9.801000000000000000e+03 4.924149999999999941e-05
9.802000000000000000e+03 4.932169999999999908e-05
9.803000000000000000e+03 4.940789999999999836e-05
9.804000000000000000e+03 4.949399999999999742e-05
9.805000000000000000e+03 4.957930000000000149e-05
9.806000000000000000e+03 4.966409999999999770e-05
9.807000000000000000e+03 4.974880000000000046e-05
9.808000000000000000e+03 4.983999999999999715e-05
9.809000000000000000e+03 4.993069999999999952e-05
9.810000000000000000e+03 5.002170000000000254e-05
9.811000000000000000e+03 5.011289999999999923e-05
9.812000000000000000e+03 5.020330000000000094e-05
9.813000000000000000e+03 5.030280000000000228e-05
9.814000000000000000e+03 5.040180000000000251e-05
9.815000000000000000e+03 5.050030000000000165e-05
9.816000000000000000e+03 5.059829999999999970e-05
9.817000000000000000e+03 5.069579999999999665e-05
9.818000000000000000e+03 5.080290000000000110e-05
9.819000000000000000e+03 5.091080000000000052e-05
9.820000000000000000e+03 5.101769999999999775e-05
9.821000000000000000e+03 5.112170000000000218e-05
9.822000000000000000e+03 5.122459999999999741e-05
9.823000000000000000e+03 5.134050000000000083e-05
9.824000000000000000e+03 5.145540000000000205e-05
9.825000000000000000e+03 5.156980000000000217e-05
9.826000000000000000e+03 5.168440000000000274e-05
9.827000000000000000e+03 5.179750000000000001e-05
9.828000000000000000e+03 5.192599999999999717e-05
9.829000000000000000e+03 5.205289999999999760e-05
9.830000000000000000e+03 5.217969999999999781e-05
9.831000000000000000e+03 5.230520000000000194e-05
9.832000000000000000e+03 5.242920000000000279e-05
9.833000000000000000e+03 5.257090000000000179e-05
9.834000000000000000e+03 5.271230000000000013e-05
9.835000000000000000e+03 5.285210000000000174e-05
9.836000000000000000e+03 5.299209999999999701e-05
9.837000000000000000e+03 5.313149999999999774e-05
9.838000000000000000e+03 5.329169999999999665e-05
9.839000000000000000e+03 5.345019999999999860e-05
9.840000000000000000e+03 5.360799999999999902e-05
9.841000000000000000e+03 5.376529999999999835e-05
9.842000000000000000e+03 5.392110000000000116e-05
9.843000000000000000e+03 5.410100000000000260e-05
9.844000000000000000e+03 5.428099999999999749e-05
9.845000000000000000e+03 5.445960000000000286e-05
9.846000000000000000e+03 5.463709999999999905e-05
9.847000000000000000e+03 5.481400000000000069e-05
9.848000000000000000e+03 5.502100000000000057e-05
9.849000000000000000e+03 5.522540000000000153e-05
9.850000000000000000e+03 5.542960000000000205e-05
9.851000000000000000e+03 5.563509999999999864e-05
9.852000000000000000e+03 5.583959999999999981e-05
9.853000000000000000e+03 5.607910000000000320e-05
9.854000000000000000e+03 5.631660000000000219e-05
9.855000000000000000e+03 5.655299999999999878e-05
9.856000000000000000e+03 5.678940000000000214e-05
9.857000000000000000e+03 5.702380000000000111e-05
9.858000000000000000e+03 5.729890000000000124e-05
9.859000000000000000e+03 5.757329999999999983e-05
9.860000000000000000e+03 5.784650000000000257e-05
9.861000000000000000e+03 5.811760000000000070e-05
9.862000000000000000e+03 5.838690000000000167e-05
9.863000000000000000e+03 5.870540000000000209e-05
9.864000000000000000e+03 5.902100000000000293e-05
9.865000000000000000e+03 5.933640000000000333e-05
9.866000000000000000e+03 5.965040000000000067e-05
9.867000000000000000e+03 5.996250000000000061e-05
9.868000000000000000e+03 6.033219999999999810e-05
9.869000000000000000e+03 6.069989999999999799e-05
9.870000000000000000e+03 6.106609999999999458e-05
9.871000000000000000e+03 6.143240000000000495e-05
9.872000000000000000e+03 6.179780000000000657e-05
9.873000000000000000e+03 6.223090000000000078e-05
9.874000000000000000e+03 6.266120000000000240e-05
9.875000000000000000e+03 6.309019999999999440e-05
9.876000000000000000e+03 6.351810000000000431e-05
9.877000000000000000e+03 6.394379999999999585e-05
9.878000000000000000e+03 6.445039999999999537e-05
9.879000000000000000e+03 6.495449999999999618e-05
9.880000000000000000e+03 6.545600000000000485e-05
9.881000000000000000e+03 6.595069999999999860e-05
9.882000000000000000e+03 6.644230000000000589e-05
9.883000000000000000e+03 6.702839999999999677e-05
9.884000000000000000e+03 6.761320000000000513e-05
9.885000000000000000e+03 6.819610000000000255e-05
9.886000000000000000e+03 6.877670000000000170e-05
9.887000000000000000e+03 6.935350000000000607e-05
9.888000000000000000e+03 7.004519999999999811e-05
9.889000000000000000e+03 7.073349999999999625e-05
9.890000000000000000e+03 7.141940000000000267e-05
9.891000000000000000e+03 7.211590000000000524e-05
9.892000000000000000e+03 7.280719999999999640e-05
9.893000000000000000e+03 7.363679999999999943e-05
9.894000000000000000e+03 7.446330000000000245e-05
9.895000000000000000e+03 7.528539999999999581e-05
9.896000000000000000e+03 7.610639999999999354e-05
9.897000000000000000e+03 7.692359999999999649e-05
9.898000000000000000e+03 7.790539999999999445e-05
9.899000000000000000e+03 7.888430000000000637e-05
9.900000000000000000e+03 7.985660000000000382e-05
9.901000000000000000e+03 8.081469999999999724e-05
9.902000000000000000e+03 8.176810000000000068e-05
9.903000000000000000e+03 8.291770000000000065e-05
9.904000000000000000e+03 8.406400000000000016e-05
9.905000000000000000e+03 8.520579999999999658e-05
9.906000000000000000e+03 8.634199999999999427e-05
9.907000000000000000e+03 8.747430000000000374e-05
9.908000000000000000e+03 8.884449999999999954e-05
9.909000000000000000e+03 9.021000000000000535e-05
9.910000000000000000e+03 9.156900000000000369e-05
9.911000000000000000e+03 9.292989999999999942e-05
9.912000000000000000e+03 9.428550000000000385e-05
9.913000000000000000e+03 9.593149999999999453e-05
9.914000000000000000e+03 9.756929999999999434e-05
9.915000000000000000e+03 9.920240000000000416e-05
9.916000000000000000e+03 1.008280000000000043e-04
9.917000000000000000e+03 1.024480000000000057e-04
9.918000000000000000e+03 1.044209999999999952e-04
9.919000000000000000e+03 1.063840000000000033e-04
9.920000000000000000e+03 1.083399999999999961e-04
9.921000000000000000e+03 1.102879999999999984e-04
9.922000000000000000e+03 1.122279999999999968e-04
9.923000000000000000e+03 1.145990000000000051e-04
9.924000000000000000e+03 1.169600000000000050e-04
9.925000000000000000e+03 1.193119999999999988e-04
9.926000000000000000e+03 1.216549999999999999e-04
9.927000000000000000e+03 1.239869999999999904e-04
9.928000000000000000e+03 1.268470000000000003e-04
9.929000000000000000e+03 1.296969999999999883e-04
9.930000000000000000e+03 1.325329999999999998e-04
9.931000000000000000e+03 1.353539999999999919e-04
9.932000000000000000e+03 1.381610000000000075e-04
9.933000000000000000e+03 1.416180000000000119e-04
9.934000000000000000e+03 1.450590000000000082e-04
9.935000000000000000e+03 1.484880000000000054e-04
9.936000000000000000e+03 1.519009999999999946e-04
9.937000000000000000e+03 1.553020000000000117e-04
9.938000000000000000e+03 1.595040000000000097e-04
9.939000000000000000e+03 1.636859999999999910e-04
9.940000000000000000e+03 1.678530000000000072e-04
9.941000000000000000e+03 1.720120000000000058e-04
9.942000000000000000e+03 1.761499999999999991e-04
9.943000000000000000e+03 1.812870000000000009e-04
9.944000000000000000e+03 1.864040000000000130e-04
9.945000000000000000e+03 1.914999999999999927e-04
9.946000000000000000e+03 1.965740000000000055e-04
9.947000000000000000e+03 2.016270000000000128e-04
9.948000000000000000e+03 2.079249999999999989e-04
9.949000000000000000e+03 2.141930000000000006e-04
9.950000000000000000e+03 2.204390000000000082e-04
9.951000000000000000e+03 2.266469999999999867e-04
9.952000000000000000e+03 2.328259999999999965e-04
9.953000000000000000e+03 2.405619999999999916e-04
9.954000000000000000e+03 2.482680000000000021e-04
9.955000000000000000e+03 2.559379999999999880e-04
9.956000000000000000e+03 2.635749999999999964e-04
9.957000000000000000e+03 2.711820000000000203e-04
9.958000000000000000e+03 2.807509999999999823e-04
9.959000000000000000e+03 2.902790000000000036e-04
9.960000000000000000e+03 2.997669999999999914e-04
9.961000000000000000e+03 3.092290000000000034e-04
9.962000000000000000e+03 3.186479999999999890e-04
9.963000000000000000e+03 3.305529999999999775e-04
9.964000000000000000e+03 3.424109999999999849e-04
9.965000000000000000e+03 3.542199999999999798e-04
9.966000000000000000e+03 3.659760000000000075e-04
9.967000000000000000e+03 3.776820000000000069e-04
9.968000000000000000e+03 3.925569999999999754e-04
9.969000000000000000e+03 4.073659999999999890e-04
9.970000000000000000e+03 4.221149999999999794e-04
9.971000000000000000e+03 4.367929999999999903e-04
9.972000000000000000e+03 4.514039999999999763e-04
9.973000000000000000e+03 4.700689999999999882e-04
9.974000000000000000e+03 4.886549999999999488e-04
9.975000000000000000e+03 5.071560000000000347e-04
9.976000000000000000e+03 5.255779999999999610e-04
9.977000000000000000e+03 5.439239999999999917e-04
9.978000000000000000e+03 5.674729999999999792e-04
9.979000000000000000e+03 5.909360000000000220e-04
9.980000000000000000e+03 6.142860000000000204e-04
9.981000000000000000e+03 6.375429999999999639e-04
9.982000000000000000e+03 6.607110000000000240e-04
9.983000000000000000e+03 6.906040000000000442e-04
9.984000000000000000e+03 7.203729999999999552e-04
9.985000000000000000e+03 7.500200000000000053e-04
9.986000000000000000e+03 7.795309999999999739e-04
9.987000000000000000e+03 8.089110000000000484e-04
9.988000000000000000e+03 8.470650000000000358e-04
9.989000000000000000e+03 8.850340000000000377e-04
9.990000000000000000e+03 9.228370000000000279e-04
9.991000000000000000e+03 9.605279999999999894e-04
9.992000000000000000e+03 9.980250000000000406e-04
9.993000000000000000e+03 1.046980000000000089e-03
9.994000000000000000e+03 1.095739999999999995e-03
9.995000000000000000e+03 1.144250000000000085e-03
9.996000000000000000e+03 1.192579999999999942e-03
9.997000000000000000e+03 1.240690000000000022e-03
9.998000000000000000e+03 1.303770000000000102e-03
9.999000000000000000e+03 1.366580000000000052e-03
1.000000000000000000e+04 1.429139999999999968e-03
1.000100000000000000e+04 1.492150000000000030e-03
1.000200000000000000e+04 1.554940000000000098e-03
1.000300000000000000e+04 1.637510000000000007e-03
1.000400000000000000e+04 1.719819999999999943e-03
1.000500000000000000e+04 1.801840000000000082e-03
1.000600000000000000e+04 1.883600000000000031e-03
1.000700000000000000e+04 1.965070000000000185e-03
1.000800000000000000e+04 2.072609999999999904e-03
1.000900000000000000e+04 2.179780000000000086e-03
1.001000000000000000e+04 2.286579999999999863e-03
1.001100000000000000e+04 2.392950000000000025e-03
1.001200000000000000e+04 2.498939999999999842e-03
1.001300000000000000e+04 2.639170000000000144e-03
1.001400000000000000e+04 2.778909999999999887e-03
1.001500000000000000e+04 2.918159999999999938e-03
1.001600000000000000e+04 3.056929999999999804e-03
1.001700000000000000e+04 3.195190000000000096e-03
1.001800000000000000e+04 3.378130000000000022e-03
1.001900000000000000e+04 3.560419999999999904e-03
1.002000000000000000e+04 3.742080000000000059e-03
1.002100000000000000e+04 3.923430000000000320e-03
1.002200000000000000e+04 4.104189999999999748e-03
1.002300000000000000e+04 4.342519999999999887e-03
1.002400000000000000e+04 4.580049999999999573e-03
1.002500000000000000e+04 4.816769999999999732e-03
1.002600000000000000e+04 5.052710000000000187e-03
1.002700000000000000e+04 5.287840000000000248e-03
1.002800000000000000e+04 5.595550000000000350e-03
1.002900000000000000e+04 5.902229999999999630e-03
1.003000000000000000e+04 6.207879999999999822e-03
1.003100000000000000e+04 6.512200000000000107e-03
1.003200000000000000e+04 6.815459999999999748e-03
1.003300000000000000e+04 7.207049999999999568e-03
1.003400000000000000e+04 7.597259999999999777e-03
1.003500000000000000e+04 7.986109999999999390e-03
1.003600000000000000e+04 8.373580000000000259e-03
1.003700000000000000e+04 8.759690000000000532e-03
1.003800000000000000e+04 9.247560000000000155e-03
1.003900000000000000e+04 9.733719999999999525e-03
1.004000000000000000e+04 1.021820000000000020e-02
1.004100000000000000e+04 1.070100000000000044e-02
1.004200000000000000e+04 1.118210000000000037e-02
1.004300000000000000e+04 1.177090000000000081e-02
1.004400000000000000e+04 1.235759999999999983e-02
1.004500000000000000e+04 1.294230000000000033e-02
1.004600000000000000e+04 1.352480000000000002e-02
1.004700000000000000e+04 1.410529999999999944e-02
1.004800000000000000e+04 1.478510000000000067e-02
1.004900000000000000e+04 1.546259999999999996e-02
1.005000000000000000e+04 1.613759999999999847e-02
1.005100000000000000e+04 1.680989999999999915e-02
1.005200000000000000e+04 1.747980000000000020e-02
1.005300000000000000e+04 1.822100000000000108e-02
1.005400000000000000e+04 1.895940000000000125e-02
1.005500000000000000e+04 1.969510000000000011e-02
1.005600000000000000e+04 2.042810000000000112e-02
1.005700000000000000e+04 2.115830000000000141e-02
1.005800000000000000e+04 2.191190000000000151e-02
1.005900000000000000e+04 2.266270000000000090e-02
1.006000000000000000e+04 2.341060000000000016e-02
1.006100000000000000e+04 2.415489999999999998e-02
1.006200000000000000e+04 2.489629999999999968e-02
1.006300000000000000e+04 2.560240000000000085e-02
1.006400000000000000e+04 2.630580000000000071e-02
1.006500000000000000e+04 2.700639999999999985e-02
1.006600000000000000e+04 2.770419999999999827e-02
1.006700000000000000e+04 2.839929999999999885e-02
1.006800000000000000e+04 2.900590000000000113e-02
1.006900000000000000e+04 2.960990000000000150e-02
1.007000000000000000e+04 3.021160000000000165e-02
1.007100000000000000e+04 3.081139999999999921e-02
1.007200000000000000e+04 3.140869999999999773e-02
1.007300000000000000e+04 3.188409999999999855e-02
1.007400000000000000e+04 3.235749999999999738e-02
1.007500000000000000e+04 3.282890000000000114e-02
1.007600000000000000e+04 3.329830000000000290e-02
1.007700000000000000e+04 3.376579999999999859e-02
1.007800000000000000e+04 3.410309999999999730e-02
1.007900000000000000e+04 3.443879999999999858e-02
1.008000000000000000e+04 3.477310000000000123e-02
1.008100000000000000e+04 3.510520000000000307e-02
1.008200000000000000e+04 3.543589999999999934e-02
1.008300000000000000e+04 3.564869999999999844e-02
1.008400000000000000e+04 3.586040000000000061e-02
1.008500000000000000e+04 3.607110000000000177e-02
1.008600000000000000e+04 3.628060000000000312e-02
1.008700000000000000e+04 3.648909999999999654e-02
1.008800000000000000e+04 3.660320000000000240e-02
1.008900000000000000e+04 3.671660000000000201e-02
1.009000000000000000e+04 3.682919999999999944e-02
1.009100000000000000e+04 3.694250000000000311e-02
1.009200000000000000e+04 3.705529999999999935e-02
1.009300000000000000e+04 3.709900000000000003e-02
1.009400000000000000e+04 3.714230000000000309e-02
1.009500000000000000e+04 3.718520000000000159e-02
1.009600000000000000e+04 3.722759999999999958e-02
1.009700000000000000e+04 3.726949999999999708e-02
1.009800000000000000e+04 3.726489999999999664e-02
1.009900000000000000e+04 3.726009999999999739e-02
1.010000000000000000e+04 3.725490000000000052e-02
1.010100000000000000e+04 3.724569999999999964e-02
1.010200000000000000e+04 3.723619999999999708e-02
1.010300000000000000e+04 3.719719999999999971e-02
1.010400000000000000e+04 3.715809999999999946e-02
1.010500000000000000e+04 3.711890000000000328e-02
1.010600000000000000e+04 3.707950000000000135e-02
1.010700000000000000e+04 3.703990000000000060e-02
1.010800000000000000e+04 3.698289999999999911e-02
1.010900000000000000e+04 3.692580000000000168e-02
1.011000000000000000e+04 3.686860000000000137e-02
1.011100000000000000e+04 3.681539999999999813e-02
1.011200000000000000e+04 3.676220000000000182e-02
1.011300000000000000e+04 3.669920000000000126e-02
1.011400000000000000e+04 3.663609999999999783e-02
1.011500000000000000e+04 3.657300000000000134e-02
1.011600000000000000e+04 3.650969999999999910e-02
1.011700000000000000e+04 3.644660000000000261e-02
1.011800000000000000e+04 3.637819999999999943e-02
1.011900000000000000e+04 3.630989999999999912e-02
1.012000000000000000e+04 3.624140000000000000e-02
1.012100000000000000e+04 3.617000000000000076e-02
1.012200000000000000e+04 3.609849999999999864e-02
1.012300000000000000e+04 3.602469999999999978e-02
1.012400000000000000e+04 3.595070000000000210e-02
1.012500000000000000e+04 3.587680000000000036e-02
1.012600000000000000e+04 3.580300000000000149e-02
1.012700000000000000e+04 3.572899999999999687e-02
1.012800000000000000e+04 3.565410000000000107e-02
1.012900000000000000e+04 3.557910000000000239e-02
1.013000000000000000e+04 3.550409999999999677e-02
1.013100000000000000e+04 3.543140000000000178e-02
1.013200000000000000e+04 3.535880000000000273e-02
1.013300000000000000e+04 3.528570000000000317e-02
1.013400000000000000e+04 3.521259999999999668e-02
1.013500000000000000e+04 3.513940000000000119e-02
1.013600000000000000e+04 3.506630000000000164e-02
1.013700000000000000e+04 3.499309999999999921e-02
1.013800000000000000e+04 3.491980000000000084e-02
1.013900000000000000e+04 3.484650000000000247e-02
1.014000000000000000e+04 3.477319999999999717e-02
1.014100000000000000e+04 3.469810000000000255e-02
1.014200000000000000e+04 3.462300000000000100e-02
1.014300000000000000e+04 3.454789999999999944e-02
1.014400000000000000e+04 3.447270000000000195e-02
1.014500000000000000e+04 3.439760000000000040e-02
1.014600000000000000e+04 3.432240000000000291e-02
1.014700000000000000e+04 3.424730000000000135e-02
1.014800000000000000e+04 3.417209999999999692e-02
1.014900000000000000e+04 3.409700000000000231e-02
1.015000000000000000e+04 3.402170000000000194e-02
1.015100000000000000e+04 3.394620000000000276e-02
1.015200000000000000e+04 3.387060000000000071e-02
1.015300000000000000e+04 3.379490000000000272e-02
1.015400000000000000e+04 3.371939999999999660e-02
1.015500000000000000e+04 3.364380000000000148e-02
1.015600000000000000e+04 3.356819999999999943e-02
1.015700000000000000e+04 3.349259999999999737e-02
1.015800000000000000e+04 3.341709999999999819e-02
1.015900000000000000e+04 3.334140000000000020e-02
1.016000000000000000e+04 3.326590000000000102e-02
1.016100000000000000e+04 3.319020000000000303e-02
1.016200000000000000e+04 3.311449999999999810e-02
1.016300000000000000e+04 3.303890000000000299e-02
1.016400000000000000e+04 3.296330000000000093e-02
1.016500000000000000e+04 3.288760000000000294e-02
1.016600000000000000e+04 3.281200000000000089e-02
1.016700000000000000e+04 3.273639999999999883e-02
1.016800000000000000e+04 3.266070000000000084e-02
1.016900000000000000e+04 3.258509999999999879e-02
1.017000000000000000e+04 3.250949999999999673e-02
1.017100000000000000e+04 3.243730000000000224e-02
1.017200000000000000e+04 3.236499999999999794e-02
1.017300000000000000e+04 3.229270000000000057e-02
1.017400000000000000e+04 3.222049999999999914e-02
1.017500000000000000e+04 3.214820000000000177e-02
1.017600000000000000e+04 3.207589999999999747e-02
1.017700000000000000e+04 3.200360000000000010e-02
1.017800000000000000e+04 3.193119999999999986e-02
1.017900000000000000e+04 3.185890000000000249e-02
1.018000000000000000e+04 3.178659999999999819e-02
1.018100000000000000e+04 3.171029999999999682e-02
1.018200000000000000e+04 3.163420000000000121e-02
1.018300000000000000e+04 3.155789999999999984e-02
1.018400000000000000e+04 3.148170000000000135e-02
1.018500000000000000e+04 3.140550000000000286e-02
1.018600000000000000e+04 3.132929999999999743e-02
1.018700000000000000e+04 3.125309999999999894e-02
1.018800000000000000e+04 3.117659999999999876e-02
1.018900000000000000e+04 3.110020000000000145e-02
1.019000000000000000e+04 3.102370000000000128e-02
1.019100000000000000e+04 3.094780000000000100e-02
1.019200000000000000e+04 3.087200000000000014e-02
1.019300000000000000e+04 3.079549999999999996e-02
1.019400000000000000e+04 3.071890000000000037e-02
1.019500000000000000e+04 3.064230000000000079e-02
1.019600000000000000e+04 3.056580000000000061e-02
1.019700000000000000e+04 3.048920000000000102e-02
1.019800000000000000e+04 3.041090000000000113e-02
1.019900000000000000e+04 3.033270000000000063e-02
1.020000000000000000e+04 3.025440000000000074e-02
1.020100000000000000e+04 3.019610000000000002e-02
1.020200000000000000e+04 3.013779999999999931e-02
1.020300000000000000e+04 3.007599999999999857e-02
1.020400000000000000e+04 3.001399999999999901e-02
1.020500000000000000e+04 2.995219999999999827e-02
1.020600000000000000e+04 2.989040000000000100e-02
1.020700000000000000e+04 2.982860000000000025e-02
1.020800000000000000e+04 2.975979999999999945e-02
1.020900000000000000e+04 2.969120000000000092e-02
1.021000000000000000e+04 2.962269999999999834e-02
1.021100000000000000e+04 2.955560000000000132e-02
1.021200000000000000e+04 2.948840000000000142e-02
1.021300000000000000e+04 2.940900000000000111e-02
1.021400000000000000e+04 2.932970000000000022e-02
1.021500000000000000e+04 2.925039999999999932e-02
1.021600000000000000e+04 2.917130000000000070e-02
1.021700000000000000e+04 2.909230000000000149e-02
1.021800000000000000e+04 2.899269999999999972e-02
1.021900000000000000e+04 2.889320000000000083e-02
1.022000000000000000e+04 2.879390000000000074e-02
1.022100000000000000e+04 2.869069999999999954e-02
1.022200000000000000e+04 2.858780000000000002e-02
1.022300000000000000e+04 2.845260000000000150e-02
1.022400000000000000e+04 2.831770000000000120e-02
1.022500000000000000e+04 2.818319999999999853e-02
1.022600000000000000e+04 2.804890000000000161e-02
1.022700000000000000e+04 2.791499999999999884e-02
1.022800000000000000e+04 2.773370000000000002e-02
1.022900000000000000e+04 2.755279999999999882e-02
1.023000000000000000e+04 2.737240000000000159e-02
1.023100000000000000e+04 2.719579999999999914e-02
1.023200000000000000e+04 2.701970000000000066e-02
1.023300000000000000e+04 2.677890000000000131e-02
1.023400000000000000e+04 2.653869999999999840e-02
1.023500000000000000e+04 2.629909999999999887e-02
1.023600000000000000e+04 2.606050000000000033e-02
1.023700000000000000e+04 2.582239999999999883e-02
1.023800000000000000e+04 2.550360000000000127e-02
1.023900000000000000e+04 2.518600000000000005e-02
1.024000000000000000e+04 2.486910000000000162e-02
1.024100000000000000e+04 2.455409999999999884e-02
1.024200000000000000e+04 2.424000000000000113e-02
1.024300000000000000e+04 2.383640000000000064e-02
1.024400000000000000e+04 2.343419999999999878e-02
1.024500000000000000e+04 2.303349999999999842e-02
1.024600000000000000e+04 2.263410000000000075e-02
1.024700000000000000e+04 2.223599999999999882e-02
1.024800000000000000e+04 2.175349999999999853e-02
1.024900000000000000e+04 2.127259999999999915e-02
1.025000000000000000e+04 2.079349999999999948e-02
1.025100000000000000e+04 2.031439999999999982e-02
1.025200000000000000e+04 1.983709999999999987e-02
1.025300000000000000e+04 1.929729999999999987e-02
1.025400000000000000e+04 1.875949999999999840e-02
1.025500000000000000e+04 1.822379999999999833e-02
1.025600000000000000e+04 1.769010000000000027e-02
1.025700000000000000e+04 1.715850000000000014e-02
1.025800000000000000e+04 1.659990000000000077e-02
1.025900000000000000e+04 1.604339999999999933e-02
1.026000000000000000e+04 1.548919999999999984e-02
1.026100000000000000e+04 1.493599999999999962e-02
1.026200000000000000e+04 1.438509999999999962e-02
1.026300000000000000e+04 1.384640000000000003e-02
1.026400000000000000e+04 1.331000000000000065e-02
1.026500000000000000e+04 1.277580000000000035e-02
1.026600000000000000e+04 1.224380000000000086e-02
1.026700000000000000e+04 1.171400000000000045e-02
1.026800000000000000e+04 1.122880000000000059e-02
1.026900000000000000e+04 1.074559999999999925e-02
1.027000000000000000e+04 1.026449999999999932e-02
1.027100000000000000e+04 9.786670000000000785e-03
1.027200000000000000e+04 9.310779999999999404e-03
1.027300000000000000e+04 8.898379999999999138e-03
1.027400000000000000e+04 8.487599999999999659e-03
1.027500000000000000e+04 8.078490000000000670e-03
1.027600000000000000e+04 7.670999999999999867e-03
1.027700000000000000e+04 7.265159999999999674e-03
1.027800000000000000e+04 6.928450000000000060e-03
1.027900000000000000e+04 6.593100000000000176e-03
1.028000000000000000e+04 6.259110000000000021e-03
1.028100000000000000e+04 5.925829999999999986e-03
1.028200000000000000e+04 5.593970000000000192e-03
1.028300000000000000e+04 5.327319999999999972e-03
1.028400000000000000e+04 5.061809999999999921e-03
1.028500000000000000e+04 4.797430000000000097e-03
1.028600000000000000e+04 4.534189999999999575e-03
1.028700000000000000e+04 4.272080000000000148e-03
1.028800000000000000e+04 4.066110000000000384e-03
1.028900000000000000e+04 3.861020000000000164e-03
1.029000000000000000e+04 3.656819999999999862e-03
1.029100000000000000e+04 3.453830000000000181e-03
1.029200000000000000e+04 3.251689999999999789e-03
1.029300000000000000e+04 3.095089999999999994e-03
1.029400000000000000e+04 2.939150000000000183e-03
1.029500000000000000e+04 2.783859999999999980e-03
1.029600000000000000e+04 2.629230000000000195e-03
1.029700000000000000e+04 2.475250000000000020e-03
1.029800000000000000e+04 2.356909999999999821e-03
1.029900000000000000e+04 2.239049999999999808e-03
1.030000000000000000e+04 2.121699999999999801e-03
1.030100000000000000e+04 2.004839999999999921e-03
1.030200000000000000e+04 1.888480000000000106e-03
1.030300000000000000e+04 1.799330000000000027e-03
1.030400000000000000e+04 1.710570000000000016e-03
1.030500000000000000e+04 1.622189999999999917e-03
1.030600000000000000e+04 1.534200000000000104e-03
1.030700000000000000e+04 1.446580000000000045e-03
1.030800000000000000e+04 1.379470000000000045e-03
1.030900000000000000e+04 1.312650000000000058e-03
1.031000000000000000e+04 1.246120000000000083e-03
1.031100000000000000e+04 1.179879999999999905e-03
1.031200000000000000e+04 1.113929999999999955e-03
1.031300000000000000e+04 1.063310000000000036e-03
1.031400000000000000e+04 1.012909999999999896e-03
1.031500000000000000e+04 9.627229999999999642e-04
1.031600000000000000e+04 9.127640000000000449e-04
1.031700000000000000e+04 8.630260000000000275e-04
1.031800000000000000e+04 8.247050000000000127e-04
1.031900000000000000e+04 7.865479999999999781e-04
1.032000000000000000e+04 7.485639999999999569e-04
1.032100000000000000e+04 7.107800000000000489e-04
1.032200000000000000e+04 6.731639999999999673e-04
1.032300000000000000e+04 6.440470000000000222e-04
1.032400000000000000e+04 6.150560000000000012e-04
1.032500000000000000e+04 5.861969999999999984e-04
1.032600000000000000e+04 5.574630000000000123e-04
1.032700000000000000e+04 5.288590000000000131e-04
1.032800000000000000e+04 5.065999999999999540e-04
1.032900000000000000e+04 4.844399999999999900e-04
1.033000000000000000e+04 4.623820000000000057e-04
1.033100000000000000e+04 4.403829999999999746e-04
1.033200000000000000e+04 4.184880000000000089e-04
1.033300000000000000e+04 4.013509999999999864e-04
1.033400000000000000e+04 3.842909999999999837e-04
1.033500000000000000e+04 3.673120000000000096e-04
1.033600000000000000e+04 3.504129999999999940e-04
1.033700000000000000e+04 3.335929999999999755e-04
1.033800000000000000e+04 3.203489999999999918e-04
1.033900000000000000e+04 3.071670000000000086e-04
1.034000000000000000e+04 2.940479999999999873e-04
1.034100000000000000e+04 2.810169999999999964e-04
1.034200000000000000e+04 2.680439999999999971e-04
1.034300000000000000e+04 2.577729999999999865e-04
1.034400000000000000e+04 2.475490000000000112e-04
1.034500000000000000e+04 2.373719999999999899e-04
1.034600000000000000e+04 2.272399999999999995e-04
1.034700000000000000e+04 2.171560000000000059e-04
1.034800000000000000e+04 2.091240000000000124e-04
1.034900000000000000e+04 2.011279999999999893e-04
1.035000000000000000e+04 1.931699999999999954e-04
1.035100000000000000e+04 1.852299999999999867e-04
1.035200000000000000e+04 1.773269999999999914e-04
1.035300000000000000e+04 1.709939999999999963e-04
1.035400000000000000e+04 1.646910000000000127e-04
1.035500000000000000e+04 1.584179999999999866e-04
1.035600000000000000e+04 1.521759999999999877e-04
1.035700000000000000e+04 1.459649999999999891e-04
1.035800000000000000e+04 1.409559999999999969e-04
1.035900000000000000e+04 1.359730000000000075e-04
1.036000000000000000e+04 1.310130000000000008e-04
1.036100000000000000e+04 1.260979999999999978e-04
1.036200000000000000e+04 1.212050000000000025e-04
1.036300000000000000e+04 1.172389999999999934e-04
1.036400000000000000e+04 1.132919999999999988e-04
1.036500000000000000e+04 1.093630000000000031e-04
1.036600000000000000e+04 1.054520000000000061e-04
1.036700000000000000e+04 1.015599999999999966e-04
1.036800000000000000e+04 9.838779999999999336e-05
1.036900000000000000e+04 9.522970000000000068e-05
1.037000000000000000e+04 9.208689999999999411e-05
1.037100000000000000e+04 8.894459999999999541e-05
1.037200000000000000e+04 8.581850000000000513e-05
1.037300000000000000e+04 8.325460000000000076e-05
1.037400000000000000e+04 8.070280000000000259e-05
1.037500000000000000e+04 7.816400000000000583e-05
1.037600000000000000e+04 7.563810000000000346e-05
1.037700000000000000e+04 7.312480000000000163e-05
1.037800000000000000e+04 7.105150000000000235e-05
1.037900000000000000e+04 6.898890000000000621e-05
1.038000000000000000e+04 6.693670000000000576e-05
1.038100000000000000e+04 6.489909999999999668e-05
1.038200000000000000e+04 6.287209999999999728e-05
1.038300000000000000e+04 6.119120000000000462e-05
1.038400000000000000e+04 5.951810000000000195e-05
1.038500000000000000e+04 5.785359999999999781e-05
1.038600000000000000e+04 5.619729999999999810e-05
1.038700000000000000e+04 5.454920000000000282e-05
1.038800000000000000e+04 5.317479999999999782e-05
1.038900000000000000e+04 5.180710000000000073e-05
1.039000000000000000e+04 5.044629999999999844e-05
1.039100000000000000e+04 4.908599999999999726e-05
1.039200000000000000e+04 4.773279999999999808e-05
1.039300000000000000e+04 4.659720000000000170e-05
1.039400000000000000e+04 4.546769999999999837e-05
1.039500000000000000e+04 4.434370000000000033e-05
1.039600000000000000e+04 4.322580000000000210e-05
1.039700000000000000e+04 4.211360000000000282e-05
1.039800000000000000e+04 4.117509999999999817e-05
1.039900000000000000e+04 4.024139999999999727e-05
1.040000000000000000e+04 3.931239999999999989e-05
1.040100000000000000e+04 3.842109999999999709e-05
1.040200000000000000e+04 3.753330000000000197e-05
1.040300000000000000e+04 3.678319999999999707e-05
1.040400000000000000e+04 3.603599999999999853e-05
1.040500000000000000e+04 3.529169999999999958e-05
1.040600000000000000e+04 3.455030000000000021e-05
1.040700000000000000e+04 3.381180000000000042e-05
1.040800000000000000e+04 3.318440000000000029e-05
1.040900000000000000e+04 3.255929999999999843e-05
1.041000000000000000e+04 3.193680000000000227e-05
1.041100000000000000e+04 3.131550000000000197e-05
1.041200000000000000e+04 3.069680000000000059e-05
1.041300000000000000e+04 3.016789999999999961e-05
1.041400000000000000e+04 2.964109999999999984e-05
1.041500000000000000e+04 2.911640000000000129e-05
1.041600000000000000e+04 2.859380000000000057e-05
1.041700000000000000e+04 2.807330000000000106e-05
1.041800000000000000e+04 2.762579999999999900e-05
1.041900000000000000e+04 2.717990000000000044e-05
1.042000000000000000e+04 2.673589999999999927e-05
1.042100000000000000e+04 2.629389999999999909e-05
1.042200000000000000e+04 2.585369999999999948e-05
1.042300000000000000e+04 2.547300000000000158e-05
1.042400000000000000e+04 2.509359999999999976e-05
1.042500000000000000e+04 2.471580000000000145e-05
1.042600000000000000e+04 2.433949999999999964e-05
1.042700000000000000e+04 2.396470000000000113e-05
1.042800000000000000e+04 2.363840000000000055e-05
1.042900000000000000e+04 2.331359999999999986e-05
1.043000000000000000e+04 2.298980000000000137e-05
1.043100000000000000e+04 2.266559999999999861e-05
1.043200000000000000e+04 2.234269999999999870e-05
1.043300000000000000e+04 2.205960000000000136e-05
1.043400000000000000e+04 2.177780000000000010e-05
1.043500000000000000e+04 2.149700000000000103e-05
1.043600000000000000e+04 2.121740000000000119e-05
1.043700000000000000e+04 2.093880000000000017e-05
1.043800000000000000e+04 2.069310000000000013e-05
1.043900000000000000e+04 2.044829999999999868e-05
1.044000000000000000e+04 2.020439999999999920e-05
1.044100000000000000e+04 1.996449999999999833e-05
1.044200000000000000e+04 1.972539999999999922e-05
1.044300000000000000e+04 1.951329999999999832e-05
1.044400000000000000e+04 1.930199999999999917e-05
1.044500000000000000e+04 1.909130000000000134e-05
1.044600000000000000e+04 1.888159999999999893e-05
1.044700000000000000e+04 1.867250000000000122e-05
1.044800000000000000e+04 1.848579999999999841e-05
1.044900000000000000e+04 1.829970000000000031e-05
1.045000000000000000e+04 1.811420000000000014e-05
1.045100000000000000e+04 1.792720000000000007e-05
1.045200000000000000e+04 1.774080000000000131e-05
1.045300000000000000e+04 1.757289999999999907e-05
1.045400000000000000e+04 1.740560000000000154e-05
1.045500000000000000e+04 1.723889999999999854e-05
1.045600000000000000e+04 1.707300000000000069e-05
1.045700000000000000e+04 1.690760000000000055e-05
1.045800000000000000e+04 1.675750000000000007e-05
1.045900000000000000e+04 1.660800000000000091e-05
1.046000000000000000e+04 1.645899999999999946e-05
1.046100000000000000e+04 1.631229999999999966e-05
1.046200000000000000e+04 1.616610000000000096e-05
1.046300000000000000e+04 1.603269999999999983e-05
1.046400000000000000e+04 1.589959999999999936e-05
1.046500000000000000e+04 1.576699999999999998e-05
1.046600000000000000e+04 1.563499999999999854e-05
1.046700000000000000e+04 1.550330000000000113e-05
1.046800000000000000e+04 1.538219999999999987e-05
1.046900000000000000e+04 1.526149999999999949e-05
1.047000000000000000e+04 1.514130000000000020e-05
1.047100000000000000e+04 1.502129999999999965e-05
1.047200000000000000e+04 1.490180000000000020e-05
1.047300000000000000e+04 1.479099999999999950e-05
1.047400000000000000e+04 1.468049999999999946e-05
1.047500000000000000e+04 1.457050000000000051e-05
1.047600000000000000e+04 1.446080000000000053e-05
1.047700000000000000e+04 1.435149999999999973e-05
1.047800000000000000e+04 1.424959999999999991e-05
1.047900000000000000e+04 1.414790000000000053e-05
1.048000000000000000e+04 1.404670000000000055e-05
1.048100000000000000e+04 1.394429999999999963e-05
1.048200000000000000e+04 1.384229999999999959e-05
1.048300000000000000e+04 1.374630000000000085e-05
1.048400000000000000e+04 1.365079999999999981e-05
1.048500000000000000e+04 1.355549999999999922e-05
1.048600000000000000e+04 1.346049999999999928e-05
1.048700000000000000e+04 1.336590000000000022e-05
1.048800000000000000e+04 1.327640000000000048e-05
1.048900000000000000e+04 1.318719999999999971e-05
1.049000000000000000e+04 1.309829999999999960e-05
1.049100000000000000e+04 1.301159999999999922e-05
1.049200000000000000e+04 1.292529999999999973e-05
1.049300000000000000e+04 1.284329999999999950e-05
1.049400000000000000e+04 1.276139999999999949e-05
1.049500000000000000e+04 1.267980000000000013e-05
1.049600000000000000e+04 1.259849999999999974e-05
1.049700000000000000e+04 1.251729999999999957e-05
1.049800000000000000e+04 1.243970000000000052e-05
1.049900000000000000e+04 1.236240000000000043e-05
1.050000000000000000e+04 1.228530000000000077e-05
1.050100000000000000e+04 1.220770000000000003e-05
1.050200000000000000e+04 1.213039999999999994e-05
1.050300000000000000e+04 1.205599999999999943e-05
1.050400000000000000e+04 1.198179999999999936e-05
1.050500000000000000e+04 1.190779999999999973e-05
1.050600000000000000e+04 1.183410000000000076e-05
1.050700000000000000e+04 1.176060000000000053e-05
1.050800000000000000e+04 1.168960000000000070e-05
1.050900000000000000e+04 1.161869999999999940e-05
1.051000000000000000e+04 1.154810000000000045e-05
1.051100000000000000e+04 1.147819999999999964e-05
1.051200000000000000e+04 1.140849999999999928e-05
1.051300000000000000e+04 1.134090000000000013e-05
1.051400000000000000e+04 1.127339999999999950e-05
1.051500000000000000e+04 1.120619999999999954e-05
1.051600000000000000e+04 1.113909999999999979e-05
1.051700000000000000e+04 1.107220000000000048e-05
1.051800000000000000e+04 1.100699999999999982e-05
1.051900000000000000e+04 1.094199999999999959e-05
1.052000000000000000e+04 1.087719999999999981e-05
1.052100000000000000e+04 1.081219999999999958e-05
1.052200000000000000e+04 1.074750000000000001e-05
1.052300000000000000e+04 1.068409999999999991e-05
1.052400000000000000e+04 1.062090000000000024e-05
1.052500000000000000e+04 1.055789999999999932e-05
1.052600000000000000e+04 1.049510000000000053e-05
1.052700000000000000e+04 1.043240000000000027e-05
1.052800000000000000e+04 1.037099999999999947e-05
1.052900000000000000e+04 1.030970000000000058e-05
1.053000000000000000e+04 1.024850000000000022e-05
1.053100000000000000e+04 1.018670000000000023e-05
1.053200000000000000e+04 1.012500000000000047e-05
1.053300000000000000e+04 1.006439999999999973e-05
1.053400000000000000e+04 1.000389999999999921e-05
1.053500000000000000e+04 9.943540000000000007e-06
1.053600000000000000e+04 9.883420000000000657e-06
1.053700000000000000e+04 9.823419999999999537e-06
1.053800000000000000e+04 9.764309999999999692e-06
1.053900000000000000e+04 9.705260000000000655e-06
1.054000000000000000e+04 9.646460000000000473e-06
1.054100000000000000e+04 9.587499999999999262e-06
1.054200000000000000e+04 9.528690000000000074e-06
1.054300000000000000e+04 9.470570000000000027e-06
1.054400000000000000e+04 9.412559999999999205e-06
1.054500000000000000e+04 9.354820000000000331e-06
1.054600000000000000e+04 9.297190000000000681e-06
1.054700000000000000e+04 9.239750000000000770e-06
1.054800000000000000e+04 9.182799999999999562e-06
1.054900000000000000e+04 9.126070000000000192e-06
1.055000000000000000e+04 9.069519999999999861e-06
1.055100000000000000e+04 9.014449999999999725e-06
1.055200000000000000e+04 8.959490000000000509e-06
1.055300000000000000e+04 8.905000000000000291e-06
1.055400000000000000e+04 8.850640000000000696e-06
1.055500000000000000e+04 8.796440000000000435e-06
1.055600000000000000e+04 8.742349999999999400e-06
1.055700000000000000e+04 8.688530000000000312e-06
1.055800000000000000e+04 8.634929999999999673e-06
1.055900000000000000e+04 8.581500000000000762e-06
1.056000000000000000e+04 8.528200000000000781e-06
1.056100000000000000e+04 8.475210000000000463e-06
1.056200000000000000e+04 8.422350000000000770e-06
1.056300000000000000e+04 8.369670000000000115e-06
1.056400000000000000e+04 8.317189999999999899e-06
1.056500000000000000e+04 8.264879999999999718e-06
1.056600000000000000e+04 8.212700000000000160e-06
1.056700000000000000e+04 8.160719999999999346e-06
1.056800000000000000e+04 8.108869999999999156e-06
1.056900000000000000e+04 8.057179999999999995e-06
1.057000000000000000e+04 8.005630000000000463e-06
1.057100000000000000e+04 7.953220000000000062e-06
1.057200000000000000e+04 7.901029999999999805e-06
1.057300000000000000e+04 7.848930000000000761e-06
1.057400000000000000e+04 7.796949999999999947e-06
1.057500000000000000e+04 7.745210000000000676e-06
1.057600000000000000e+04 7.693620000000000040e-06
1.057700000000000000e+04 7.642210000000000138e-06
1.057800000000000000e+04 7.590920000000000160e-06
1.057900000000000000e+04 7.539759999999999958e-06
1.058000000000000000e+04 7.488800000000000196e-06
