# FR388N
3.648000000000000000e+03 2.984080000000000066e-05
3.649000000000000000e+03 3.057620000000000043e-05
3.650000000000000000e+03 3.134660000000000240e-05
3.651000000000000000e+03 3.211880000000000155e-05
3.652000000000000000e+03 3.289460000000000181e-05
3.653000000000000000e+03 3.367370000000000253e-05
3.654000000000000000e+03 3.445619999999999716e-05
3.655000000000000000e+03 3.526979999999999899e-05
3.656000000000000000e+03 3.608680000000000150e-05
3.657000000000000000e+03 3.690749999999999858e-05
3.658000000000000000e+03 3.773179999999999677e-05
3.659000000000000000e+03 3.855960000000000263e-05
3.660000000000000000e+03 3.941369999999999840e-05
3.661000000000000000e+03 4.026929999999999746e-05
3.662000000000000000e+03 4.112859999999999785e-05
3.663000000000000000e+03 4.199139999999999915e-05
3.664000000000000000e+03 4.285780000000000156e-05
3.665000000000000000e+03 4.374550000000000324e-05
3.666000000000000000e+03 4.463659999999999883e-05
3.667000000000000000e+03 4.553170000000000318e-05
3.668000000000000000e+03 4.643040000000000188e-05
3.669000000000000000e+03 4.733260000000000147e-05
3.670000000000000000e+03 4.825060000000000183e-05
3.671000000000000000e+03 4.917359999999999960e-05
3.672000000000000000e+03 5.010049999999999915e-05
3.673000000000000000e+03 5.103120000000000025e-05
3.674000000000000000e+03 5.196570000000000291e-05
3.675000000000000000e+03 5.291010000000000016e-05
3.676000000000000000e+03 5.385849999999999942e-05
3.677000000000000000e+03 5.481029999999999935e-05
3.678000000000000000e+03 5.576640000000000194e-05
3.679000000000000000e+03 5.672609999999999887e-05
3.680000000000000000e+03 5.769009999999999845e-05
3.681000000000000000e+03 5.866490000000000138e-05
3.682000000000000000e+03 5.964379999999999975e-05
3.683000000000000000e+03 6.062659999999999989e-05
3.684000000000000000e+03 6.161350000000000225e-05
3.685000000000000000e+03 6.259960000000000285e-05
3.686000000000000000e+03 6.358949999999999824e-05
3.687000000000000000e+03 6.458340000000000239e-05
3.688000000000000000e+03 6.558139999999999521e-05
3.689000000000000000e+03 6.658359999999999724e-05
3.690000000000000000e+03 6.757930000000000534e-05
3.691000000000000000e+03 6.856920000000000072e-05
3.692000000000000000e+03 6.956330000000000532e-05
3.693000000000000000e+03 7.056069999999999682e-05
3.694000000000000000e+03 7.156209999999999709e-05
3.695000000000000000e+03 7.255189999999999903e-05
3.696000000000000000e+03 7.354509999999999487e-05
3.697000000000000000e+03 7.454229999999999949e-05
3.698000000000000000e+03 7.554280000000000456e-05
3.699000000000000000e+03 7.654710000000000442e-05
3.700000000000000000e+03 7.753590000000000417e-05
3.701000000000000000e+03 7.854000000000000358e-05
3.702000000000000000e+03 7.954829999999999865e-05
3.703000000000000000e+03 8.056069999999999594e-05
3.704000000000000000e+03 8.157679999999999456e-05
3.705000000000000000e+03 8.257370000000000530e-05
3.706000000000000000e+03 8.357490000000000513e-05
3.707000000000000000e+03 8.457960000000000586e-05
3.708000000000000000e+03 8.558810000000000137e-05
3.709000000000000000e+03 8.660040000000000522e-05
3.710000000000000000e+03 8.759110000000000236e-05
3.711000000000000000e+03 8.859239999999999563e-05
3.712000000000000000e+03 8.959720000000000336e-05
3.713000000000000000e+03 9.060580000000000587e-05
3.714000000000000000e+03 9.161849999999999703e-05
3.715000000000000000e+03 9.260869999999999985e-05
3.716000000000000000e+03 9.360289999999999789e-05
3.717000000000000000e+03 9.460039999999999638e-05
3.718000000000000000e+03 9.560170000000000321e-05
3.719000000000000000e+03 9.660660000000000438e-05
3.720000000000000000e+03 9.759050000000000016e-05
3.721000000000000000e+03 9.857619999999999989e-05
3.722000000000000000e+03 9.956609999999999528e-05
3.723000000000000000e+03 1.005589999999999972e-04
3.724000000000000000e+03 1.015570000000000036e-04
3.725000000000000000e+03 1.025349999999999932e-04
3.726000000000000000e+03 1.035160000000000030e-04
3.727000000000000000e+03 1.045009999999999944e-04
3.728000000000000000e+03 1.054899999999999946e-04
3.729000000000000000e+03 1.064820000000000013e-04
3.730000000000000000e+03 1.074610000000000067e-04
3.731000000000000000e+03 1.084620000000000061e-04
3.732000000000000000e+03 1.094670000000000007e-04
3.733000000000000000e+03 1.104760000000000041e-04
3.734000000000000000e+03 1.114880000000000005e-04
3.735000000000000000e+03 1.124980000000000061e-04
3.736000000000000000e+03 1.135119999999999933e-04
3.737000000000000000e+03 1.145290000000000007e-04
3.738000000000000000e+03 1.155510000000000055e-04
3.739000000000000000e+03 1.165760000000000033e-04
3.740000000000000000e+03 1.176150000000000047e-04
3.741000000000000000e+03 1.186480000000000065e-04
3.742000000000000000e+03 1.196850000000000035e-04
3.743000000000000000e+03 1.207259999999999958e-04
3.744000000000000000e+03 1.217699999999999946e-04
3.745000000000000000e+03 1.228540000000000133e-04
3.746000000000000000e+03 1.239419999999999866e-04
3.747000000000000000e+03 1.250330000000000072e-04
3.748000000000000000e+03 1.261289999999999981e-04
3.749000000000000000e+03 1.272280000000000091e-04
3.750000000000000000e+03 1.284070000000000057e-04
3.751000000000000000e+03 1.296029999999999990e-04
3.752000000000000000e+03 1.308039999999999897e-04
3.753000000000000000e+03 1.320089999999999892e-04
3.754000000000000000e+03 1.332190000000000132e-04
3.755000000000000000e+03 1.345700000000000075e-04
3.756000000000000000e+03 1.359259999999999993e-04
3.757000000000000000e+03 1.372869999999999885e-04
3.758000000000000000e+03 1.386530000000000022e-04
3.759000000000000000e+03 1.400240000000000133e-04
3.760000000000000000e+03 1.416330000000000041e-04
3.761000000000000000e+03 1.432569999999999872e-04
3.762000000000000000e+03 1.448870000000000106e-04
3.763000000000000000e+03 1.465229999999999929e-04
3.764000000000000000e+03 1.481660000000000041e-04
3.765000000000000000e+03 1.501999999999999917e-04
3.766000000000000000e+03 1.522430000000000126e-04
3.767000000000000000e+03 1.542939999999999969e-04
3.768000000000000000e+03 1.563529999999999987e-04
3.769000000000000000e+03 1.584210000000000067e-04
3.770000000000000000e+03 1.611310000000000129e-04
3.771000000000000000e+03 1.638350000000000060e-04
3.772000000000000000e+03 1.665489999999999939e-04
3.773000000000000000e+03 1.692739999999999924e-04
3.774000000000000000e+03 1.720100000000000014e-04
3.775000000000000000e+03 1.758019999999999949e-04
3.776000000000000000e+03 1.796090000000000078e-04
3.777000000000000000e+03 1.834320000000000015e-04
3.778000000000000000e+03 1.872710000000000032e-04
3.779000000000000000e+03 1.911240000000000085e-04
3.780000000000000000e+03 1.967390000000000013e-04
3.781000000000000000e+03 2.024650000000000072e-04
3.782000000000000000e+03 2.082189999999999931e-04
3.783000000000000000e+03 2.139999999999999975e-04
3.784000000000000000e+03 2.198110000000000135e-04
3.785000000000000000e+03 2.286230000000000098e-04
3.786000000000000000e+03 2.374789999999999941e-04
3.787000000000000000e+03 2.463790000000000207e-04
3.788000000000000000e+03 2.553240000000000240e-04
3.789000000000000000e+03 2.643130000000000154e-04
3.790000000000000000e+03 2.785299999999999777e-04
3.791000000000000000e+03 2.928380000000000176e-04
3.792000000000000000e+03 3.072190000000000142e-04
3.793000000000000000e+03 3.216739999999999834e-04
3.794000000000000000e+03 3.362010000000000020e-04
3.795000000000000000e+03 3.600990000000000094e-04
3.796000000000000000e+03 3.841200000000000018e-04
3.797000000000000000e+03 4.082630000000000178e-04
3.798000000000000000e+03 4.325290000000000189e-04
3.799000000000000000e+03 4.569220000000000139e-04
3.800000000000000000e+03 4.986339999999999696e-04
3.801000000000000000e+03 5.400389999999999704e-04
3.802000000000000000e+03 5.815790000000000369e-04
3.803000000000000000e+03 6.232549999999999679e-04
3.804000000000000000e+03 6.650659999999999645e-04
3.805000000000000000e+03 7.398139999999999881e-04
3.806000000000000000e+03 8.148089999999999977e-04
3.807000000000000000e+03 8.900470000000000386e-04
3.808000000000000000e+03 9.655319999999999571e-04
3.809000000000000000e+03 1.041260000000000015e-03
3.810000000000000000e+03 1.182230000000000043e-03
3.811000000000000000e+03 1.323890000000000093e-03
3.812000000000000000e+03 1.466070000000000090e-03
3.813000000000000000e+03 1.608760000000000094e-03
3.814000000000000000e+03 1.751960000000000106e-03
3.815000000000000000e+03 2.029659999999999971e-03
3.816000000000000000e+03 2.308360000000000186e-03
3.817000000000000000e+03 2.588070000000000041e-03
3.818000000000000000e+03 2.868780000000000028e-03
3.819000000000000000e+03 3.150500000000000089e-03
3.820000000000000000e+03 3.718780000000000089e-03
3.821000000000000000e+03 4.289399999999999637e-03
3.822000000000000000e+03 4.862159999999999919e-03
3.823000000000000000e+03 5.437019999999999874e-03
3.824000000000000000e+03 6.014030000000000070e-03
3.825000000000000000e+03 7.208909999999999797e-03
3.826000000000000000e+03 8.408209999999999296e-03
3.827000000000000000e+03 9.612010000000000692e-03
3.828000000000000000e+03 1.082020000000000030e-02
3.829000000000000000e+03 1.203300000000000029e-02
3.830000000000000000e+03 1.450910000000000047e-02
3.831000000000000000e+03 1.699830000000000091e-02
3.832000000000000000e+03 1.949789999999999857e-02
3.833000000000000000e+03 2.200770000000000157e-02
3.834000000000000000e+03 2.452789999999999832e-02
3.835000000000000000e+03 2.912040000000000114e-02
3.836000000000000000e+03 3.373179999999999928e-02
3.837000000000000000e+03 3.836230000000000195e-02
3.838000000000000000e+03 4.301180000000000281e-02
3.839000000000000000e+03 4.768050000000000066e-02
3.840000000000000000e+03 5.405839999999999951e-02
3.841000000000000000e+03 6.045880000000000004e-02
3.842000000000000000e+03 6.688479999999999426e-02
3.843000000000000000e+03 7.333629999999999316e-02
3.844000000000000000e+03 7.981349999999999556e-02
3.845000000000000000e+03 8.540780000000000594e-02
3.846000000000000000e+03 9.102399999999999380e-02
3.847000000000000000e+03 9.666260000000000130e-02
3.848000000000000000e+03 1.023229999999999973e-01
3.849000000000000000e+03 1.080060000000000048e-01
3.850000000000000000e+03 1.110460000000000058e-01
3.851000000000000000e+03 1.141210000000000002e-01
3.852000000000000000e+03 1.172089999999999937e-01
3.853000000000000000e+03 1.203089999999999993e-01
3.854000000000000000e+03 1.234220000000000039e-01
3.855000000000000000e+03 1.246379999999999988e-01
3.856000000000000000e+03 1.258589999999999987e-01
3.857000000000000000e+03 1.270850000000000035e-01
3.858000000000000000e+03 1.283150000000000124e-01
3.859000000000000000e+03 1.295489999999999975e-01
3.860000000000000000e+03 1.300469999999999959e-01
3.861000000000000000e+03 1.305260000000000031e-01
3.862000000000000000e+03 1.310060000000000113e-01
3.863000000000000000e+03 1.314879999999999938e-01
3.864000000000000000e+03 1.319700000000000040e-01
3.865000000000000000e+03 1.322699999999999987e-01
3.866000000000000000e+03 1.325699999999999934e-01
3.867000000000000000e+03 1.328699999999999881e-01
3.868000000000000000e+03 1.331710000000000116e-01
3.869000000000000000e+03 1.334730000000000083e-01
3.870000000000000000e+03 1.337450000000000028e-01
3.871000000000000000e+03 1.340419999999999945e-01
3.872000000000000000e+03 1.343380000000000130e-01
3.873000000000000000e+03 1.346360000000000057e-01
3.874000000000000000e+03 1.349329999999999974e-01
3.875000000000000000e+03 1.352289999999999881e-01
3.876000000000000000e+03 1.355250000000000066e-01
3.877000000000000000e+03 1.358209999999999973e-01
3.878000000000000000e+03 1.361179999999999890e-01
3.879000000000000000e+03 1.364150000000000085e-01
3.880000000000000000e+03 1.367130000000000012e-01
3.881000000000000000e+03 1.370230000000000059e-01
3.882000000000000000e+03 1.373340000000000116e-01
3.883000000000000000e+03 1.376459999999999906e-01
3.884000000000000000e+03 1.379579999999999973e-01
3.885000000000000000e+03 1.382700000000000040e-01
3.886000000000000000e+03 1.385820000000000107e-01
3.887000000000000000e+03 1.388959999999999917e-01
3.888000000000000000e+03 1.392089999999999994e-01
3.889000000000000000e+03 1.395230000000000081e-01
3.890000000000000000e+03 1.398280000000000078e-01
3.891000000000000000e+03 1.401149999999999896e-01
3.892000000000000000e+03 1.404030000000000000e-01
3.893000000000000000e+03 1.406910000000000105e-01
3.894000000000000000e+03 1.409799999999999942e-01
3.895000000000000000e+03 1.411769999999999969e-01
3.896000000000000000e+03 1.413750000000000007e-01
3.897000000000000000e+03 1.415730000000000044e-01
3.898000000000000000e+03 1.417700000000000071e-01
3.899000000000000000e+03 1.419680000000000109e-01
3.900000000000000000e+03 1.416900000000000104e-01
3.901000000000000000e+03 1.414350000000000052e-01
3.902000000000000000e+03 1.411779999999999979e-01
3.903000000000000000e+03 1.409189999999999887e-01
3.904000000000000000e+03 1.406580000000000052e-01
3.905000000000000000e+03 1.388220000000000010e-01
3.906000000000000000e+03 1.369779999999999887e-01
3.907000000000000000e+03 1.351239999999999941e-01
3.908000000000000000e+03 1.332609999999999906e-01
3.909000000000000000e+03 1.313890000000000058e-01
3.910000000000000000e+03 1.265070000000000083e-01
3.911000000000000000e+03 1.215839999999999976e-01
3.912000000000000000e+03 1.166390000000000066e-01
3.913000000000000000e+03 1.116719999999999935e-01
3.914000000000000000e+03 1.066840000000000011e-01
3.915000000000000000e+03 9.951680000000000248e-02
3.916000000000000000e+03 9.231880000000000641e-02
3.917000000000000000e+03 8.508979999999999322e-02
3.918000000000000000e+03 7.783009999999999928e-02
3.919000000000000000e+03 7.053940000000000210e-02
3.920000000000000000e+03 6.430080000000000517e-02
3.921000000000000000e+03 5.804079999999999656e-02
3.922000000000000000e+03 5.175300000000000039e-02
3.923000000000000000e+03 4.543760000000000160e-02
3.924000000000000000e+03 3.909429999999999850e-02
3.925000000000000000e+03 3.528560000000000030e-02
3.926000000000000000e+03 3.146009999999999779e-02
3.927000000000000000e+03 2.761780000000000138e-02
3.928000000000000000e+03 2.375860000000000125e-02
3.929000000000000000e+03 1.988250000000000087e-02
3.930000000000000000e+03 1.793070000000000080e-02
3.931000000000000000e+03 1.596679999999999974e-02
3.932000000000000000e+03 1.399519999999999931e-02
3.933000000000000000e+03 1.201580000000000009e-02
3.934000000000000000e+03 1.002869999999999977e-02
3.935000000000000000e+03 9.078650000000000608e-03
3.936000000000000000e+03 8.124889999999999196e-03
3.937000000000000000e+03 7.167330000000000402e-03
3.938000000000000000e+03 6.206040000000000341e-03
3.939000000000000000e+03 5.240970000000000177e-03
3.940000000000000000e+03 4.775030000000000420e-03
3.941000000000000000e+03 4.308020000000000078e-03
3.942000000000000000e+03 3.839019999999999846e-03
3.943000000000000000e+03 3.367999999999999900e-03
3.944000000000000000e+03 2.894970000000000182e-03
3.945000000000000000e+03 2.658960000000000143e-03
3.946000000000000000e+03 2.421930000000000090e-03
3.947000000000000000e+03 2.183899999999999904e-03
3.948000000000000000e+03 1.944839999999999980e-03
3.949000000000000000e+03 1.704769999999999983e-03
3.950000000000000000e+03 1.580140000000000060e-03
3.951000000000000000e+03 1.454750000000000097e-03
3.952000000000000000e+03 1.328860000000000067e-03
3.953000000000000000e+03 1.202469999999999971e-03
3.954000000000000000e+03 1.075599999999999907e-03
3.955000000000000000e+03 1.007059999999999943e-03
3.956000000000000000e+03 9.382550000000000352e-04
3.957000000000000000e+03 8.691810000000000118e-04
3.958000000000000000e+03 7.998340000000000267e-04
3.959000000000000000e+03 7.302160000000000031e-04
3.960000000000000000e+03 6.912290000000000188e-04
3.961000000000000000e+03 6.521279999999999742e-04
3.962000000000000000e+03 6.128680000000000282e-04
3.963000000000000000e+03 5.734520000000000112e-04
3.964000000000000000e+03 5.338730000000000298e-04
3.965000000000000000e+03 5.109739999999999768e-04
3.966000000000000000e+03 4.879829999999999932e-04
3.967000000000000000e+03 4.648960000000000158e-04
3.968000000000000000e+03 4.417169999999999994e-04
3.969000000000000000e+03 4.184430000000000050e-04
3.970000000000000000e+03 4.045620000000000206e-04
3.971000000000000000e+03 3.905669999999999758e-04
3.972000000000000000e+03 3.765190000000000182e-04
3.973000000000000000e+03 3.624179999999999850e-04
3.974000000000000000e+03 3.482639999999999846e-04
3.975000000000000000e+03 3.395580000000000039e-04
3.976000000000000000e+03 3.308179999999999758e-04
3.977000000000000000e+03 3.220450000000000244e-04
3.978000000000000000e+03 3.132389999999999871e-04
3.979000000000000000e+03 3.043990000000000107e-04
3.980000000000000000e+03 2.987959999999999900e-04
3.981000000000000000e+03 2.932219999999999922e-04
3.982000000000000000e+03 2.876229999999999802e-04
3.983000000000000000e+03 2.820009999999999856e-04
3.984000000000000000e+03 2.763549999999999926e-04
3.985000000000000000e+03 2.726709999999999919e-04
3.986000000000000000e+03 2.689729999999999877e-04
3.987000000000000000e+03 2.652570000000000253e-04
3.988000000000000000e+03 2.615249999999999736e-04
3.989000000000000000e+03 2.577769999999999953e-04
3.990000000000000000e+03 2.552380000000000252e-04
3.991000000000000000e+03 2.526329999999999917e-04
3.992000000000000000e+03 2.500189999999999791e-04
3.993000000000000000e+03 2.473940000000000102e-04
3.994000000000000000e+03 2.447589999999999922e-04
3.995000000000000000e+03 2.428730000000000038e-04
3.996000000000000000e+03 2.409799999999999865e-04
3.997000000000000000e+03 2.390790000000000059e-04
3.998000000000000000e+03 2.371709999999999964e-04
3.999000000000000000e+03 2.352540000000000078e-04
4.000000000000000000e+03 2.337999999999999909e-04
4.001000000000000000e+03 2.321749999999999921e-04
4.002000000000000000e+03 2.305470000000000002e-04
4.003000000000000000e+03 2.289149999999999996e-04
4.004000000000000000e+03 2.272800000000000059e-04
4.005000000000000000e+03 2.259250000000000028e-04
4.006000000000000000e+03 2.245670000000000066e-04
4.007000000000000000e+03 2.232059999999999904e-04
4.008000000000000000e+03 2.218420000000000082e-04
4.009000000000000000e+03 2.204750000000000058e-04
4.010000000000000000e+03 2.192700000000000064e-04
4.011000000000000000e+03 2.180449999999999901e-04
4.012000000000000000e+03 2.168179999999999966e-04
4.013000000000000000e+03 2.155880000000000101e-04
4.014000000000000000e+03 2.143550000000000034e-04
4.015000000000000000e+03 2.132070000000000070e-04
4.016000000000000000e+03 2.120559999999999904e-04
4.017000000000000000e+03 2.109020000000000079e-04
4.018000000000000000e+03 2.097459999999999939e-04
4.019000000000000000e+03 2.085869999999999868e-04
4.020000000000000000e+03 2.074610000000000115e-04
4.021000000000000000e+03 2.063590000000000075e-04
4.022000000000000000e+03 2.052559999999999877e-04
4.023000000000000000e+03 2.041490000000000134e-04
4.024000000000000000e+03 2.030400000000000076e-04
4.025000000000000000e+03 2.019280000000000087e-04
4.026000000000000000e+03 2.008129999999999898e-04
4.027000000000000000e+03 1.996950000000000049e-04
4.028000000000000000e+03 1.985739999999999999e-04
4.029000000000000000e+03 1.974509999999999905e-04
4.030000000000000000e+03 1.963020000000000053e-04
4.031000000000000000e+03 1.951219999999999929e-04
4.032000000000000000e+03 1.939409999999999919e-04
4.033000000000000000e+03 1.927569999999999978e-04
4.034000000000000000e+03 1.915700000000000107e-04
4.035000000000000000e+03 1.903429999999999901e-04
4.036000000000000000e+03 1.891150000000000079e-04
4.037000000000000000e+03 1.878829999999999899e-04
4.038000000000000000e+03 1.866489999999999946e-04
4.039000000000000000e+03 1.854120000000000063e-04
4.040000000000000000e+03 1.841269999999999940e-04
4.041000000000000000e+03 1.828180000000000104e-04
4.042000000000000000e+03 1.815069999999999954e-04
4.043000000000000000e+03 1.801929999999999873e-04
4.044000000000000000e+03 1.788779999999999906e-04
4.045000000000000000e+03 1.775099999999999996e-04
4.046000000000000000e+03 1.761400000000000042e-04
4.047000000000000000e+03 1.747669999999999888e-04
4.048000000000000000e+03 1.733919999999999960e-04
4.049000000000000000e+03 1.720149999999999988e-04
4.050000000000000000e+03 1.705850000000000075e-04
4.051000000000000000e+03 1.691370000000000037e-04
4.052000000000000000e+03 1.676860000000000069e-04
4.053000000000000000e+03 1.662339999999999944e-04
4.054000000000000000e+03 1.647780000000000002e-04
4.055000000000000000e+03 1.632740000000000092e-04
4.056000000000000000e+03 1.617679999999999867e-04
4.057000000000000000e+03 1.602589999999999982e-04
4.058000000000000000e+03 1.587480000000000054e-04
4.059000000000000000e+03 1.572339999999999925e-04
4.060000000000000000e+03 1.556759999999999915e-04
4.061000000000000000e+03 1.541330000000000098e-04
4.062000000000000000e+03 1.525870000000000080e-04
4.063000000000000000e+03 1.510380000000000132e-04
4.064000000000000000e+03 1.494859999999999982e-04
4.065000000000000000e+03 1.478980000000000127e-04
4.066000000000000000e+03 1.463059999999999914e-04
4.067000000000000000e+03 1.447110000000000041e-04
4.068000000000000000e+03 1.431140000000000125e-04
4.069000000000000000e+03 1.415140000000000007e-04
4.070000000000000000e+03 1.398849999999999931e-04
4.071000000000000000e+03 1.382619999999999986e-04
4.072000000000000000e+03 1.366360000000000111e-04
4.073000000000000000e+03 1.350059999999999878e-04
4.074000000000000000e+03 1.333739999999999871e-04
4.075000000000000000e+03 1.317230000000000126e-04
4.076000000000000000e+03 1.300700000000000066e-04
4.077000000000000000e+03 1.284120000000000031e-04
4.078000000000000000e+03 1.267519999999999953e-04
4.079000000000000000e+03 1.250889999999999945e-04
4.080000000000000000e+03 1.234180000000000032e-04
4.081000000000000000e+03 1.217279999999999973e-04
4.082000000000000000e+03 1.200339999999999963e-04
4.083000000000000000e+03 1.183380000000000044e-04
4.084000000000000000e+03 1.166390000000000059e-04
4.085000000000000000e+03 1.149450000000000049e-04
4.086000000000000000e+03 1.132500000000000016e-04
4.087000000000000000e+03 1.115510000000000031e-04
4.088000000000000000e+03 1.098500000000000003e-04
4.089000000000000000e+03 1.081460000000000044e-04
4.090000000000000000e+03 1.064609999999999960e-04
4.091000000000000000e+03 1.047729999999999945e-04
4.092000000000000000e+03 1.030830000000000022e-04
4.093000000000000000e+03 1.013910000000000055e-04
4.094000000000000000e+03 9.969589999999999529e-05
4.095000000000000000e+03 9.803179999999999880e-05
4.096000000000000000e+03 9.636489999999999618e-05
4.097000000000000000e+03 9.469580000000000228e-05
4.098000000000000000e+03 9.302379999999999525e-05
4.099000000000000000e+03 9.134899999999999563e-05
4.100000000000000000e+03 8.971810000000000418e-05
4.101000000000000000e+03 8.807109999999999776e-05
4.102000000000000000e+03 8.642199999999999351e-05
4.103000000000000000e+03 8.477080000000000498e-05
4.104000000000000000e+03 8.311750000000000507e-05
4.105000000000000000e+03 8.152090000000000074e-05
4.106000000000000000e+03 7.992199999999999814e-05
4.107000000000000000e+03 7.832119999999999816e-05
4.108000000000000000e+03 7.671859999999999422e-05
4.109000000000000000e+03 7.511399999999999945e-05
4.110000000000000000e+03 7.357709999999999728e-05
4.111000000000000000e+03 7.204679999999999602e-05
4.112000000000000000e+03 7.051430000000000350e-05
4.113000000000000000e+03 6.897960000000000614e-05
4.114000000000000000e+03 6.744250000000000353e-05
4.115000000000000000e+03 6.598319999999999533e-05
4.116000000000000000e+03 6.452180000000000285e-05
4.117000000000000000e+03 6.305809999999999855e-05
4.118000000000000000e+03 6.159220000000000298e-05
4.119000000000000000e+03 6.012440000000000324e-05
4.120000000000000000e+03 5.874300000000000322e-05
4.121000000000000000e+03 5.734850000000000158e-05
4.122000000000000000e+03 5.595249999999999665e-05
4.123000000000000000e+03 5.455500000000000198e-05
4.124000000000000000e+03 5.315599999999999725e-05
4.125000000000000000e+03 5.185140000000000300e-05
4.126000000000000000e+03 5.054549999999999912e-05
4.127000000000000000e+03 4.923819999999999895e-05
4.128000000000000000e+03 4.792950000000000248e-05
4.129000000000000000e+03 4.661950000000000317e-05
4.130000000000000000e+03 4.540939999999999929e-05
4.131000000000000000e+03 4.419920000000000196e-05
4.132000000000000000e+03 4.298780000000000201e-05
4.133000000000000000e+03 4.177489999999999876e-05
4.134000000000000000e+03 4.056069999999999945e-05
4.135000000000000000e+03 3.944999999999999668e-05
4.136000000000000000e+03 3.833819999999999828e-05
4.137000000000000000e+03 3.722499999999999681e-05
4.138000000000000000e+03 3.611059999999999948e-05
4.139000000000000000e+03 3.499489999999999930e-05
4.140000000000000000e+03 3.398480000000000028e-05
4.141000000000000000e+03 3.298380000000000089e-05
4.142000000000000000e+03 3.198099999999999755e-05
4.143000000000000000e+03 3.097639999999999704e-05
4.144000000000000000e+03 2.997009999999999957e-05
4.145000000000000000e+03 2.906860000000000151e-05
