# FR423N
3.966000000000000000e+03 4.804300000000000063e-05
3.967000000000000000e+03 4.923789999999999829e-05
3.968000000000000000e+03 5.043739999999999926e-05
3.969000000000000000e+03 5.164140000000000332e-05
3.970000000000000000e+03 5.291120000000000258e-05
3.971000000000000000e+03 5.417780000000000160e-05
3.972000000000000000e+03 5.544889999999999693e-05
3.973000000000000000e+03 5.672440000000000191e-05
3.974000000000000000e+03 5.800420000000000277e-05
3.975000000000000000e+03 5.934500000000000186e-05
3.976000000000000000e+03 6.069039999999999748e-05
3.977000000000000000e+03 6.204050000000000341e-05
3.978000000000000000e+03 6.339530000000000610e-05
3.979000000000000000e+03 6.475459999999999832e-05
3.980000000000000000e+03 6.616930000000000359e-05
3.981000000000000000e+03 6.760049999999999761e-05
3.982000000000000000e+03 6.903670000000000260e-05
3.983000000000000000e+03 7.047850000000000631e-05
3.984000000000000000e+03 7.192560000000000132e-05
3.985000000000000000e+03 7.342180000000000234e-05
3.986000000000000000e+03 7.492409999999999641e-05
3.987000000000000000e+03 7.643160000000000188e-05
3.988000000000000000e+03 7.794479999999999952e-05
3.989000000000000000e+03 7.946350000000000245e-05
3.990000000000000000e+03 8.102449999999999648e-05
3.991000000000000000e+03 8.257390000000000574e-05
3.992000000000000000e+03 8.412840000000000585e-05
3.993000000000000000e+03 8.568790000000000337e-05
3.994000000000000000e+03 8.725270000000000573e-05
3.995000000000000000e+03 8.885130000000000089e-05
3.996000000000000000e+03 9.045529999999999435e-05
3.997000000000000000e+03 9.206429999999999876e-05
3.998000000000000000e+03 9.367890000000000190e-05
3.999000000000000000e+03 9.529850000000000246e-05
4.000000000000000000e+03 9.694350000000000449e-05
4.001000000000000000e+03 9.852439999999999473e-05
4.002000000000000000e+03 1.001079999999999977e-04
4.003000000000000000e+03 1.016959999999999967e-04
4.004000000000000000e+03 1.032860000000000001e-04
4.005000000000000000e+03 1.048909999999999957e-04
4.006000000000000000e+03 1.064989999999999980e-04
4.007000000000000000e+03 1.081100000000000068e-04
4.008000000000000000e+03 1.097249999999999972e-04
4.009000000000000000e+03 1.113429999999999943e-04
4.010000000000000000e+03 1.129670000000000045e-04
4.011000000000000000e+03 1.145850000000000015e-04
4.012000000000000000e+03 1.162069999999999938e-04
4.013000000000000000e+03 1.178310000000000040e-04
4.014000000000000000e+03 1.194579999999999937e-04
4.015000000000000000e+03 1.210830000000000061e-04
4.016000000000000000e+03 1.227110000000000115e-04
4.017000000000000000e+03 1.243410000000000077e-04
4.018000000000000000e+03 1.259739999999999970e-04
4.019000000000000000e+03 1.276109999999999951e-04
4.020000000000000000e+03 1.292370000000000096e-04
4.021000000000000000e+03 1.308829999999999868e-04
4.022000000000000000e+03 1.325329999999999998e-04
4.023000000000000000e+03 1.341860000000000058e-04
4.024000000000000000e+03 1.358429999999999935e-04
4.025000000000000000e+03 1.374810000000000073e-04
4.026000000000000000e+03 1.391230000000000027e-04
4.027000000000000000e+03 1.407690000000000070e-04
4.028000000000000000e+03 1.424169999999999885e-04
4.029000000000000000e+03 1.440690000000000059e-04
4.030000000000000000e+03 1.456960000000000091e-04
4.031000000000000000e+03 1.473059999999999886e-04
4.032000000000000000e+03 1.489189999999999882e-04
4.033000000000000000e+03 1.505339999999999922e-04
4.034000000000000000e+03 1.521519999999999893e-04
4.035000000000000000e+03 1.537390000000000132e-04
4.036000000000000000e+03 1.553290000000000031e-04
4.037000000000000000e+03 1.569209999999999973e-04
4.038000000000000000e+03 1.585160000000000117e-04
4.039000000000000000e+03 1.601139999999999920e-04
4.040000000000000000e+03 1.616760000000000018e-04
4.041000000000000000e+03 1.632209999999999878e-04
4.042000000000000000e+03 1.647689999999999940e-04
4.043000000000000000e+03 1.663190000000000046e-04
4.044000000000000000e+03 1.678720000000000082e-04
4.045000000000000000e+03 1.693839999999999896e-04
4.046000000000000000e+03 1.708980000000000026e-04
4.047000000000000000e+03 1.724150000000000086e-04
4.048000000000000000e+03 1.739339999999999918e-04
4.049000000000000000e+03 1.754550000000000066e-04
4.050000000000000000e+03 1.769329999999999948e-04
4.051000000000000000e+03 1.783970000000000065e-04
4.052000000000000000e+03 1.798620000000000069e-04
4.053000000000000000e+03 1.813300000000000003e-04
4.054000000000000000e+03 1.827990000000000094e-04
4.055000000000000000e+03 1.842240000000000034e-04
4.056000000000000000e+03 1.856519999999999904e-04
4.057000000000000000e+03 1.870809999999999932e-04
4.058000000000000000e+03 1.885120000000000003e-04
4.059000000000000000e+03 1.899450000000000118e-04
4.060000000000000000e+03 1.913360000000000126e-04
4.061000000000000000e+03 1.927499999999999960e-04
4.062000000000000000e+03 1.941660000000000109e-04
4.063000000000000000e+03 1.955840000000000031e-04
4.064000000000000000e+03 1.970039999999999996e-04
4.065000000000000000e+03 1.983870000000000100e-04
4.066000000000000000e+03 1.997719999999999975e-04
4.067000000000000000e+03 2.011589999999999895e-04
4.068000000000000000e+03 2.025480000000000130e-04
4.069000000000000000e+03 2.039389999999999866e-04
4.070000000000000000e+03 2.053009999999999915e-04
4.071000000000000000e+03 2.066770000000000000e-04
4.072000000000000000e+03 2.080560000000000016e-04
4.073000000000000000e+03 2.094370000000000075e-04
4.074000000000000000e+03 2.108199999999999907e-04
4.075000000000000000e+03 2.121860000000000044e-04
4.076000000000000000e+03 2.135559999999999997e-04
4.077000000000000000e+03 2.149270000000000108e-04
4.078000000000000000e+03 2.162999999999999992e-04
4.079000000000000000e+03 2.176760000000000077e-04
4.080000000000000000e+03 2.190550000000000093e-04
4.081000000000000000e+03 2.204049999999999879e-04
4.082000000000000000e+03 2.217560000000000093e-04
4.083000000000000000e+03 2.231099999999999967e-04
4.084000000000000000e+03 2.244649999999999998e-04
4.085000000000000000e+03 2.258530000000000075e-04
4.086000000000000000e+03 2.272429999999999925e-04
4.087000000000000000e+03 2.286339999999999933e-04
4.088000000000000000e+03 2.300279999999999870e-04
4.089000000000000000e+03 2.314229999999999966e-04
4.090000000000000000e+03 2.328959999999999874e-04
4.091000000000000000e+03 2.343710000000000097e-04
4.092000000000000000e+03 2.358499999999999865e-04
4.093000000000000000e+03 2.373300000000000062e-04
4.094000000000000000e+03 2.388129999999999919e-04
4.095000000000000000e+03 2.404360000000000134e-04
4.096000000000000000e+03 2.420610000000000123e-04
4.097000000000000000e+03 2.436890000000000041e-04
4.098000000000000000e+03 2.453199999999999890e-04
4.099000000000000000e+03 2.469519999999999897e-04
4.100000000000000000e+03 2.488230000000000129e-04
4.101000000000000000e+03 2.506580000000000114e-04
4.102000000000000000e+03 2.524949999999999872e-04
4.103000000000000000e+03 2.543339999999999945e-04
4.104000000000000000e+03 2.561759999999999949e-04
4.105000000000000000e+03 2.584040000000000013e-04
4.106000000000000000e+03 2.606339999999999850e-04
4.107000000000000000e+03 2.628670000000000160e-04
4.108000000000000000e+03 2.651029999999999858e-04
4.109000000000000000e+03 2.673420000000000028e-04
4.110000000000000000e+03 2.701970000000000153e-04
4.111000000000000000e+03 2.730879999999999983e-04
4.112000000000000000e+03 2.759829999999999900e-04
4.113000000000000000e+03 2.788819999999999906e-04
4.114000000000000000e+03 2.817849999999999999e-04
4.115000000000000000e+03 2.856690000000000054e-04
4.116000000000000000e+03 2.895589999999999969e-04
4.117000000000000000e+03 2.934540000000000130e-04
4.118000000000000000e+03 2.973539999999999994e-04
4.119000000000000000e+03 3.012609999999999876e-04
4.120000000000000000e+03 3.067340000000000214e-04
4.121000000000000000e+03 3.121549999999999954e-04
4.122000000000000000e+03 3.175820000000000097e-04
4.123000000000000000e+03 3.230139999999999943e-04
4.124000000000000000e+03 3.284520000000000191e-04
4.125000000000000000e+03 3.364199999999999808e-04
4.126000000000000000e+03 3.443969999999999757e-04
4.127000000000000000e+03 3.523830000000000040e-04
4.128000000000000000e+03 3.603769999999999955e-04
4.129000000000000000e+03 3.683800000000000204e-04
4.130000000000000000e+03 3.805409999999999739e-04
4.131000000000000000e+03 3.927259999999999801e-04
4.132000000000000000e+03 4.049249999999999898e-04
4.133000000000000000e+03 4.171369999999999874e-04
4.134000000000000000e+03 4.293640000000000043e-04
4.135000000000000000e+03 4.485720000000000007e-04
4.136000000000000000e+03 4.678020000000000182e-04
4.137000000000000000e+03 4.870529999999999868e-04
4.138000000000000000e+03 5.063259999999999766e-04
4.139000000000000000e+03 5.256189999999999560e-04
4.140000000000000000e+03 5.569330000000000157e-04
4.141000000000000000e+03 5.884650000000000384e-04
4.142000000000000000e+03 6.200529999999999670e-04
4.143000000000000000e+03 6.516939999999999712e-04
4.144000000000000000e+03 6.833899999999999740e-04
4.145000000000000000e+03 7.364259999999999860e-04
4.146000000000000000e+03 7.895530000000000213e-04
4.147000000000000000e+03 8.427730000000000030e-04
4.148000000000000000e+03 8.960850000000000239e-04
4.149000000000000000e+03 9.494870000000000523e-04
4.150000000000000000e+03 1.041969999999999919e-03
4.151000000000000000e+03 1.134129999999999904e-03
4.152000000000000000e+03 1.226359999999999907e-03
4.153000000000000000e+03 1.318670000000000085e-03
4.154000000000000000e+03 1.411060000000000005e-03
4.155000000000000000e+03 1.577349999999999933e-03
4.156000000000000000e+03 1.743769999999999955e-03
4.157000000000000000e+03 1.910349999999999895e-03
4.158000000000000000e+03 2.077069999999999871e-03
4.159000000000000000e+03 2.243929999999999883e-03
4.160000000000000000e+03 2.555959999999999916e-03
4.161000000000000000e+03 2.868509999999999897e-03
4.162000000000000000e+03 3.181370000000000205e-03
4.163000000000000000e+03 3.494559999999999854e-03
4.164000000000000000e+03 3.808070000000000205e-03
4.165000000000000000e+03 4.417599999999999826e-03
4.166000000000000000e+03 5.027760000000000042e-03
4.167000000000000000e+03 5.638559999999999926e-03
4.168000000000000000e+03 6.249990000000000406e-03
4.169000000000000000e+03 6.862029999999999866e-03
4.170000000000000000e+03 8.094900000000000359e-03
4.171000000000000000e+03 9.329729999999999621e-03
4.172000000000000000e+03 1.056610000000000014e-02
4.173000000000000000e+03 1.180379999999999971e-02
4.174000000000000000e+03 1.304310000000000018e-02
4.175000000000000000e+03 1.558520000000000044e-02
4.176000000000000000e+03 1.813029999999999850e-02
4.177000000000000000e+03 2.067849999999999897e-02
4.178000000000000000e+03 2.322959999999999955e-02
4.179000000000000000e+03 2.578379999999999908e-02
4.180000000000000000e+03 3.086809999999999901e-02
4.181000000000000000e+03 3.595799999999999691e-02
4.182000000000000000e+03 4.105380000000000140e-02
4.183000000000000000e+03 4.615550000000000208e-02
4.184000000000000000e+03 5.126320000000000182e-02
4.185000000000000000e+03 6.010519999999999752e-02
4.186000000000000000e+03 6.895750000000000490e-02
4.187000000000000000e+03 7.782000000000000028e-02
4.188000000000000000e+03 8.669269999999999754e-02
4.189000000000000000e+03 9.557609999999999717e-02
4.190000000000000000e+03 1.068209999999999993e-01
4.191000000000000000e+03 1.180459999999999982e-01
4.192000000000000000e+03 1.292770000000000030e-01
4.193000000000000000e+03 1.405150000000000010e-01
4.194000000000000000e+03 1.517600000000000060e-01
4.195000000000000000e+03 1.607490000000000030e-01
4.196000000000000000e+03 1.697440000000000060e-01
4.197000000000000000e+03 1.787439999999999862e-01
4.198000000000000000e+03 1.877489999999999992e-01
4.199000000000000000e+03 1.967599999999999905e-01
4.200000000000000000e+03 2.012430000000000052e-01
4.201000000000000000e+03 2.057380000000000042e-01
4.202000000000000000e+03 2.102370000000000072e-01
4.203000000000000000e+03 2.147390000000000132e-01
4.204000000000000000e+03 2.192439999999999944e-01
4.205000000000000000e+03 2.207639999999999880e-01
4.206000000000000000e+03 2.222850000000000104e-01
4.207000000000000000e+03 2.238070000000000059e-01
4.208000000000000000e+03 2.253290000000000015e-01
4.209000000000000000e+03 2.268529999999999991e-01
4.210000000000000000e+03 2.272550000000000125e-01
4.211000000000000000e+03 2.276519999999999933e-01
4.212000000000000000e+03 2.280500000000000027e-01
4.213000000000000000e+03 2.284490000000000132e-01
4.214000000000000000e+03 2.288479999999999959e-01
4.215000000000000000e+03 2.289710000000000079e-01
4.216000000000000000e+03 2.290929999999999911e-01
4.217000000000000000e+03 2.292160000000000031e-01
4.218000000000000000e+03 2.293389999999999873e-01
4.219000000000000000e+03 2.294630000000000003e-01
4.220000000000000000e+03 2.295429999999999970e-01
4.221000000000000000e+03 2.296130000000000115e-01
4.222000000000000000e+03 2.296829999999999983e-01
4.223000000000000000e+03 2.297540000000000138e-01
4.224000000000000000e+03 2.298250000000000015e-01
4.225000000000000000e+03 2.298920000000000130e-01
4.226000000000000000e+03 2.299579999999999957e-01
4.227000000000000000e+03 2.300250000000000072e-01
4.228000000000000000e+03 2.300919999999999910e-01
4.229000000000000000e+03 2.301590000000000025e-01
4.230000000000000000e+03 2.302259999999999862e-01
4.231000000000000000e+03 2.302700000000000025e-01
4.232000000000000000e+03 2.303159999999999930e-01
4.233000000000000000e+03 2.303600000000000092e-01
4.234000000000000000e+03 2.304049999999999987e-01
4.235000000000000000e+03 2.304489999999999872e-01
4.236000000000000000e+03 2.304930000000000034e-01
4.237000000000000000e+03 2.305369999999999919e-01
4.238000000000000000e+03 2.305820000000000092e-01
4.239000000000000000e+03 2.306259999999999977e-01
4.240000000000000000e+03 2.306559999999999999e-01
4.241000000000000000e+03 2.306749999999999912e-01
4.242000000000000000e+03 2.306950000000000112e-01
4.243000000000000000e+03 2.307150000000000034e-01
4.244000000000000000e+03 2.307349999999999957e-01
4.245000000000000000e+03 2.306229999999999947e-01
4.246000000000000000e+03 2.305119999999999947e-01
4.247000000000000000e+03 2.303999999999999937e-01
4.248000000000000000e+03 2.302889999999999937e-01
4.249000000000000000e+03 2.301779999999999937e-01
4.250000000000000000e+03 2.294009999999999938e-01
4.251000000000000000e+03 2.286390000000000089e-01
4.252000000000000000e+03 2.278749999999999942e-01
4.253000000000000000e+03 2.271110000000000073e-01
4.254000000000000000e+03 2.263469999999999926e-01
4.255000000000000000e+03 2.233940000000000092e-01
4.256000000000000000e+03 2.204389999999999961e-01
4.257000000000000000e+03 2.174830000000000096e-01
4.258000000000000000e+03 2.145269999999999955e-01
4.259000000000000000e+03 2.115680000000000061e-01
4.260000000000000000e+03 2.042569999999999941e-01
4.261000000000000000e+03 1.969549999999999912e-01
4.262000000000000000e+03 1.896490000000000120e-01
4.263000000000000000e+03 1.823390000000000011e-01
4.264000000000000000e+03 1.750249999999999861e-01
4.265000000000000000e+03 1.639559999999999906e-01
4.266000000000000000e+03 1.528809999999999891e-01
4.267000000000000000e+03 1.418000000000000094e-01
4.268000000000000000e+03 1.307139999999999969e-01
4.269000000000000000e+03 1.196210000000000051e-01
4.270000000000000000e+03 1.093500000000000028e-01
4.271000000000000000e+03 9.906449999999999978e-02
4.272000000000000000e+03 8.877549999999999331e-02
4.273000000000000000e+03 7.848299999999999721e-02
4.274000000000000000e+03 6.818639999999999424e-02
4.275000000000000000e+03 6.158269999999999716e-02
4.276000000000000000e+03 5.497670000000000334e-02
4.277000000000000000e+03 4.836820000000000008e-02
4.278000000000000000e+03 4.175729999999999720e-02
4.279000000000000000e+03 3.514409999999999756e-02
4.280000000000000000e+03 3.166709999999999664e-02
4.281000000000000000e+03 2.818640000000000034e-02
4.282000000000000000e+03 2.470500000000000126e-02
4.283000000000000000e+03 2.122299999999999881e-02
4.284000000000000000e+03 1.774039999999999992e-02
4.285000000000000000e+03 1.603219999999999992e-02
4.286000000000000000e+03 1.432379999999999938e-02
4.287000000000000000e+03 1.261510000000000062e-02
4.288000000000000000e+03 1.090600000000000076e-02
4.289000000000000000e+03 9.196589999999999279e-03
4.290000000000000000e+03 8.357919999999999586e-03
4.291000000000000000e+03 7.519790000000000155e-03
4.292000000000000000e+03 6.681349999999999963e-03
4.293000000000000000e+03 5.842589999999999936e-03
4.294000000000000000e+03 5.003520000000000016e-03
4.295000000000000000e+03 4.579800000000000190e-03
4.296000000000000000e+03 4.155930000000000388e-03
4.297000000000000000e+03 3.731889999999999860e-03
4.298000000000000000e+03 3.307710000000000164e-03
4.299000000000000000e+03 2.883360000000000176e-03
4.300000000000000000e+03 2.660780000000000176e-03
4.301000000000000000e+03 2.437910000000000164e-03
4.302000000000000000e+03 2.214999999999999955e-03
4.303000000000000000e+03 1.992030000000000103e-03
4.304000000000000000e+03 1.769029999999999995e-03
4.305000000000000000e+03 1.647400000000000036e-03
4.306000000000000000e+03 1.525749999999999980e-03
4.307000000000000000e+03 1.404070000000000101e-03
4.308000000000000000e+03 1.282359999999999967e-03
4.309000000000000000e+03 1.160629999999999952e-03
4.310000000000000000e+03 1.091759999999999996e-03
4.311000000000000000e+03 1.023019999999999919e-03
4.312000000000000000e+03 9.542590000000000534e-04
4.313000000000000000e+03 8.854590000000000074e-04
4.314000000000000000e+03 8.166220000000000293e-04
4.315000000000000000e+03 7.763549999999999488e-04
4.316000000000000000e+03 7.360669999999999713e-04
4.317000000000000000e+03 6.957569999999999727e-04
4.318000000000000000e+03 6.554259999999999687e-04
4.319000000000000000e+03 6.150749999999999751e-04
4.320000000000000000e+03 5.907030000000000397e-04
4.321000000000000000e+03 5.662269999999999847e-04
4.322000000000000000e+03 5.417450000000000520e-04
4.323000000000000000e+03 5.172599999999999637e-04
4.324000000000000000e+03 4.927700000000000136e-04
4.325000000000000000e+03 4.774919999999999881e-04
4.326000000000000000e+03 4.622100000000000080e-04
4.327000000000000000e+03 4.469259999999999964e-04
4.328000000000000000e+03 4.316389999999999919e-04
4.329000000000000000e+03 4.163500000000000100e-04
4.330000000000000000e+03 4.065079999999999779e-04
4.331000000000000000e+03 3.966409999999999858e-04
4.332000000000000000e+03 3.867729999999999779e-04
4.333000000000000000e+03 3.769050000000000243e-04
4.334000000000000000e+03 3.670360000000000007e-04
4.335000000000000000e+03 3.604640000000000101e-04
4.336000000000000000e+03 3.538920000000000195e-04
4.337000000000000000e+03 3.473190000000000131e-04
4.338000000000000000e+03 3.407449999999999910e-04
4.339000000000000000e+03 3.341719999999999847e-04
4.340000000000000000e+03 3.296299999999999729e-04
4.341000000000000000e+03 3.251290000000000104e-04
4.342000000000000000e+03 3.206260000000000165e-04
4.343000000000000000e+03 3.161220000000000067e-04
4.344000000000000000e+03 3.116160000000000197e-04
4.345000000000000000e+03 3.083800000000000256e-04
4.346000000000000000e+03 3.051430000000000158e-04
4.347000000000000000e+03 3.019039999999999745e-04
4.348000000000000000e+03 2.986649999999999873e-04
4.349000000000000000e+03 2.954249999999999845e-04
4.350000000000000000e+03 2.929850000000000011e-04
4.351000000000000000e+03 2.905040000000000226e-04
4.352000000000000000e+03 2.880229999999999900e-04
4.353000000000000000e+03 2.855420000000000115e-04
4.354000000000000000e+03 2.830619999999999946e-04
4.355000000000000000e+03 2.810849999999999829e-04
4.356000000000000000e+03 2.791080000000000253e-04
4.357000000000000000e+03 2.771319999999999751e-04
4.358000000000000000e+03 2.751550000000000176e-04
4.359000000000000000e+03 2.731780000000000059e-04
4.360000000000000000e+03 2.715139999999999893e-04
4.361000000000000000e+03 2.698700000000000166e-04
4.362000000000000000e+03 2.682240000000000123e-04
4.363000000000000000e+03 2.665780000000000081e-04
4.364000000000000000e+03 2.649320000000000039e-04
4.365000000000000000e+03 2.634749999999999939e-04
4.366000000000000000e+03 2.620170000000000225e-04
4.367000000000000000e+03 2.605589999999999968e-04
4.368000000000000000e+03 2.591010000000000253e-04
4.369000000000000000e+03 2.576419999999999839e-04
4.370000000000000000e+03 2.562900000000000009e-04
4.371000000000000000e+03 2.549410000000000109e-04
4.372000000000000000e+03 2.535920000000000210e-04
4.373000000000000000e+03 2.522429999999999768e-04
4.374000000000000000e+03 2.508939999999999868e-04
4.375000000000000000e+03 2.495940000000000094e-04
4.376000000000000000e+03 2.482939999999999778e-04
4.377000000000000000e+03 2.469929999999999847e-04
4.378000000000000000e+03 2.456930000000000073e-04
4.379000000000000000e+03 2.443929999999999757e-04
4.380000000000000000e+03 2.431029999999999931e-04
4.381000000000000000e+03 2.417859999999999920e-04
4.382000000000000000e+03 2.404689999999999909e-04
4.383000000000000000e+03 2.391519999999999898e-04
4.384000000000000000e+03 2.378349999999999887e-04
4.385000000000000000e+03 2.365029999999999953e-04
4.386000000000000000e+03 2.351730000000000064e-04
4.387000000000000000e+03 2.338420000000000017e-04
4.388000000000000000e+03 2.325109999999999970e-04
4.389000000000000000e+03 2.311799999999999923e-04
4.390000000000000000e+03 2.298179999999999874e-04
4.391000000000000000e+03 2.284479999999999920e-04
4.392000000000000000e+03 2.270790000000000124e-04
4.393000000000000000e+03 2.257100000000000057e-04
4.394000000000000000e+03 2.243409999999999990e-04
4.395000000000000000e+03 2.229300000000000086e-04
4.396000000000000000e+03 2.215189999999999911e-04
4.397000000000000000e+03 2.201080000000000007e-04
4.398000000000000000e+03 2.186970000000000103e-04
4.399000000000000000e+03 2.172859999999999928e-04
4.400000000000000000e+03 2.158270000000000056e-04
4.401000000000000000e+03 2.143930000000000054e-04
4.402000000000000000e+03 2.129579999999999895e-04
4.403000000000000000e+03 2.115230000000000007e-04
4.404000000000000000e+03 2.100890000000000006e-04
4.405000000000000000e+03 2.086009999999999904e-04
4.406000000000000000e+03 2.071139999999999960e-04
4.407000000000000000e+03 2.056260000000000130e-04
4.408000000000000000e+03 2.041380000000000028e-04
4.409000000000000000e+03 2.026499999999999927e-04
4.410000000000000000e+03 2.011089999999999883e-04
4.411000000000000000e+03 1.995640000000000022e-04
4.412000000000000000e+03 1.980189999999999891e-04
4.413000000000000000e+03 1.964740000000000030e-04
4.414000000000000000e+03 1.949280000000000012e-04
4.415000000000000000e+03 1.933310000000000096e-04
4.416000000000000000e+03 1.917350000000000066e-04
4.417000000000000000e+03 1.901379999999999878e-04
4.418000000000000000e+03 1.885409999999999961e-04
4.419000000000000000e+03 1.869440000000000045e-04
4.420000000000000000e+03 1.852989999999999889e-04
4.421000000000000000e+03 1.836139999999999940e-04
4.422000000000000000e+03 1.819299999999999878e-04
4.423000000000000000e+03 1.802460000000000086e-04
4.424000000000000000e+03 1.785620000000000024e-04
4.425000000000000000e+03 1.768379999999999898e-04
4.426000000000000000e+03 1.751140000000000042e-04
4.427000000000000000e+03 1.733899999999999916e-04
4.428000000000000000e+03 1.716669999999999947e-04
4.429000000000000000e+03 1.699449999999999865e-04
4.430000000000000000e+03 1.681879999999999964e-04
4.431000000000000000e+03 1.664559999999999933e-04
4.432000000000000000e+03 1.647239999999999902e-04
4.433000000000000000e+03 1.629919999999999872e-04
4.434000000000000000e+03 1.612600000000000112e-04
4.435000000000000000e+03 1.595009999999999896e-04
4.436000000000000000e+03 1.577419999999999951e-04
4.437000000000000000e+03 1.559830000000000006e-04
4.438000000000000000e+03 1.542249999999999947e-04
4.439000000000000000e+03 1.524650000000000115e-04
4.440000000000000000e+03 1.506880000000000047e-04
4.441000000000000000e+03 1.489240000000000127e-04
4.442000000000000000e+03 1.471599999999999937e-04
4.443000000000000000e+03 1.453950000000000132e-04
4.444000000000000000e+03 1.436289999999999898e-04
4.445000000000000000e+03 1.418550000000000030e-04
4.446000000000000000e+03 1.400809999999999892e-04
4.447000000000000000e+03 1.383059999999999867e-04
4.448000000000000000e+03 1.365310000000000113e-04
4.449000000000000000e+03 1.347560000000000088e-04
4.450000000000000000e+03 1.329819999999999950e-04
4.451000000000000000e+03 1.311879999999999915e-04
4.452000000000000000e+03 1.293950000000000037e-04
4.453000000000000000e+03 1.276019999999999889e-04
4.454000000000000000e+03 1.258090000000000011e-04
4.455000000000000000e+03 1.240280000000000126e-04
4.456000000000000000e+03 1.222469999999999969e-04
4.457000000000000000e+03 1.204669999999999970e-04
4.458000000000000000e+03 1.186859999999999950e-04
4.459000000000000000e+03 1.169059999999999951e-04
4.460000000000000000e+03 1.151490000000000049e-04
4.461000000000000000e+03 1.134069999999999935e-04
4.462000000000000000e+03 1.116649999999999956e-04
4.463000000000000000e+03 1.099229999999999977e-04
4.464000000000000000e+03 1.081799999999999976e-04
4.465000000000000000e+03 1.064700000000000021e-04
4.466000000000000000e+03 1.047590000000000045e-04
4.467000000000000000e+03 1.030489999999999954e-04
4.468000000000000000e+03 1.013379999999999977e-04
4.469000000000000000e+03 9.962659999999999919e-05
4.470000000000000000e+03 9.795820000000000005e-05
4.471000000000000000e+03 9.627949999999999865e-05
4.472000000000000000e+03 9.460079999999999726e-05
4.473000000000000000e+03 9.292220000000000286e-05
4.474000000000000000e+03 9.124399999999999579e-05
4.475000000000000000e+03 8.961819999999999520e-05
4.476000000000000000e+03 8.799250000000000160e-05
4.477000000000000000e+03 8.636690000000000144e-05
4.478000000000000000e+03 8.474159999999999516e-05
4.479000000000000000e+03 8.311619999999999544e-05
4.480000000000000000e+03 8.155239999999999527e-05
4.481000000000000000e+03 7.998359999999999769e-05
4.482000000000000000e+03 7.841520000000000098e-05
4.483000000000000000e+03 7.684709999999999816e-05
4.484000000000000000e+03 7.527919999999999577e-05
4.485000000000000000e+03 7.378100000000000392e-05
4.486000000000000000e+03 7.228310000000000594e-05
4.487000000000000000e+03 7.078539999999999485e-05
4.488000000000000000e+03 6.928820000000000519e-05
4.489000000000000000e+03 6.779100000000000197e-05
4.490000000000000000e+03 6.637060000000000453e-05
4.491000000000000000e+03 6.495609999999999969e-05
4.492000000000000000e+03 6.354179999999999529e-05
4.493000000000000000e+03 6.212739999999999745e-05
4.494000000000000000e+03 6.071309999999999983e-05
4.495000000000000000e+03 5.938059999999999861e-05
4.496000000000000000e+03 5.804849999999999827e-05
4.497000000000000000e+03 5.671609999999999727e-05
4.498000000000000000e+03 5.538389999999999671e-05
4.499000000000000000e+03 5.405180000000000314e-05
4.500000000000000000e+03 5.280600000000000230e-05
4.501000000000000000e+03 5.155599999999999902e-05
4.502000000000000000e+03 5.030620000000000295e-05
4.503000000000000000e+03 4.905670000000000077e-05
4.504000000000000000e+03 4.780729999999999881e-05
4.505000000000000000e+03 4.664789999999999768e-05
