# FR551N
5.169000000000000000e+03 6.425620000000000322e-05
5.170000000000000000e+03 6.539480000000000618e-05
5.171000000000000000e+03 6.653749999999999780e-05
5.172000000000000000e+03 6.768060000000000384e-05
5.173000000000000000e+03 6.882400000000000377e-05
5.174000000000000000e+03 6.996789999999999802e-05
5.175000000000000000e+03 7.115770000000000482e-05
5.176000000000000000e+03 7.234800000000000595e-05
5.177000000000000000e+03 7.353889999999999483e-05
5.178000000000000000e+03 7.472999999999999771e-05
5.179000000000000000e+03 7.592150000000000146e-05
5.180000000000000000e+03 7.715580000000000420e-05
5.181000000000000000e+03 7.838600000000000472e-05
5.182000000000000000e+03 7.961660000000000612e-05
5.183000000000000000e+03 8.084750000000000139e-05
5.184000000000000000e+03 8.207870000000000411e-05
5.185000000000000000e+03 8.334849999999999659e-05
5.186000000000000000e+03 8.461879999999999695e-05
5.187000000000000000e+03 8.588940000000000474e-05
5.188000000000000000e+03 8.716039999999999986e-05
5.189000000000000000e+03 8.843170000000000240e-05
5.190000000000000000e+03 8.973770000000000650e-05
5.191000000000000000e+03 9.103800000000000488e-05
5.192000000000000000e+03 9.233830000000000325e-05
5.193000000000000000e+03 9.363860000000000163e-05
5.194000000000000000e+03 9.493939999999999432e-05
5.195000000000000000e+03 9.627019999999999859e-05
5.196000000000000000e+03 9.760140000000000374e-05
5.197000000000000000e+03 9.893259999999999533e-05
5.198000000000000000e+03 1.002640000000000009e-04
5.199000000000000000e+03 1.015959999999999943e-04
5.200000000000000000e+03 1.029530000000000018e-04
5.201000000000000000e+03 1.043279999999999945e-04
5.202000000000000000e+03 1.057030000000000008e-04
5.203000000000000000e+03 1.070779999999999936e-04
5.204000000000000000e+03 1.084550000000000043e-04
5.205000000000000000e+03 1.098520000000000047e-04
5.206000000000000000e+03 1.112509999999999958e-04
5.207000000000000000e+03 1.126500000000000006e-04
5.208000000000000000e+03 1.140490000000000053e-04
5.209000000000000000e+03 1.154489999999999987e-04
5.210000000000000000e+03 1.168660000000000022e-04
5.211000000000000000e+03 1.182820000000000036e-04
5.212000000000000000e+03 1.196980000000000049e-04
5.213000000000000000e+03 1.211159999999999971e-04
5.214000000000000000e+03 1.225330000000000006e-04
5.215000000000000000e+03 1.239629999999999920e-04
5.216000000000000000e+03 1.253930000000000105e-04
5.217000000000000000e+03 1.268230000000000019e-04
5.218000000000000000e+03 1.282540000000000091e-04
5.219000000000000000e+03 1.296849999999999891e-04
5.220000000000000000e+03 1.311239999999999867e-04
5.221000000000000000e+03 1.325409999999999902e-04
5.222000000000000000e+03 1.339579999999999937e-04
5.223000000000000000e+03 1.353760000000000130e-04
5.224000000000000000e+03 1.367940000000000052e-04
5.225000000000000000e+03 1.382130000000000131e-04
5.226000000000000000e+03 1.396319999999999940e-04
5.227000000000000000e+03 1.410510000000000019e-04
5.228000000000000000e+03 1.424700000000000098e-04
5.229000000000000000e+03 1.438900000000000064e-04
5.230000000000000000e+03 1.453050000000000056e-04
5.231000000000000000e+03 1.467329999999999926e-04
5.232000000000000000e+03 1.481610000000000067e-04
5.233000000000000000e+03 1.495900000000000094e-04
5.234000000000000000e+03 1.510190000000000122e-04
5.235000000000000000e+03 1.524390000000000087e-04
5.236000000000000000e+03 1.538599999999999939e-04
5.237000000000000000e+03 1.552810000000000063e-04
5.238000000000000000e+03 1.567030000000000072e-04
5.239000000000000000e+03 1.581250000000000082e-04
5.240000000000000000e+03 1.595339999999999942e-04
5.241000000000000000e+03 1.609550000000000065e-04
5.242000000000000000e+03 1.623770000000000074e-04
5.243000000000000000e+03 1.637990000000000084e-04
5.244000000000000000e+03 1.652219999999999980e-04
5.245000000000000000e+03 1.666270000000000023e-04
5.246000000000000000e+03 1.680340000000000110e-04
5.247000000000000000e+03 1.694400000000000040e-04
5.248000000000000000e+03 1.708480000000000014e-04
5.249000000000000000e+03 1.722559999999999987e-04
5.250000000000000000e+03 1.736429999999999907e-04
5.251000000000000000e+03 1.750189999999999992e-04
5.252000000000000000e+03 1.763959999999999964e-04
5.253000000000000000e+03 1.777740000000000093e-04
5.254000000000000000e+03 1.791510000000000064e-04
5.255000000000000000e+03 1.805040000000000052e-04
5.256000000000000000e+03 1.818570000000000039e-04
5.257000000000000000e+03 1.832109999999999913e-04
5.258000000000000000e+03 1.845650000000000057e-04
5.259000000000000000e+03 1.859200000000000089e-04
5.260000000000000000e+03 1.872459999999999891e-04
5.261000000000000000e+03 1.885730000000000121e-04
5.262000000000000000e+03 1.899009999999999967e-04
5.263000000000000000e+03 1.912299999999999970e-04
5.264000000000000000e+03 1.925580000000000087e-04
5.265000000000000000e+03 1.938560000000000088e-04
5.266000000000000000e+03 1.951549999999999975e-04
5.267000000000000000e+03 1.964529999999999976e-04
5.268000000000000000e+03 1.977509999999999977e-04
5.269000000000000000e+03 1.990510000000000022e-04
5.270000000000000000e+03 2.003170000000000135e-04
5.271000000000000000e+03 2.015960000000000126e-04
5.272000000000000000e+03 2.028750000000000117e-04
5.273000000000000000e+03 2.041549999999999994e-04
5.274000000000000000e+03 2.054339999999999986e-04
5.275000000000000000e+03 2.066799999999999931e-04
5.276000000000000000e+03 2.079249999999999989e-04
5.277000000000000000e+03 2.091720000000000092e-04
5.278000000000000000e+03 2.104189999999999923e-04
5.279000000000000000e+03 2.116660000000000026e-04
5.280000000000000000e+03 2.128769999999999881e-04
5.281000000000000000e+03 2.140529999999999918e-04
5.282000000000000000e+03 2.152289999999999954e-04
5.283000000000000000e+03 2.164040000000000104e-04
5.284000000000000000e+03 2.175799999999999870e-04
5.285000000000000000e+03 2.187190000000000043e-04
5.286000000000000000e+03 2.198590000000000104e-04
5.287000000000000000e+03 2.209980000000000006e-04
5.288000000000000000e+03 2.221369999999999909e-04
5.289000000000000000e+03 2.232769999999999970e-04
5.290000000000000000e+03 2.243799999999999896e-04
5.291000000000000000e+03 2.255199999999999956e-04
5.292000000000000000e+03 2.266600000000000017e-04
5.293000000000000000e+03 2.278000000000000077e-04
5.294000000000000000e+03 2.289410000000000024e-04
5.295000000000000000e+03 2.300469999999999880e-04
5.296000000000000000e+03 2.311539999999999895e-04
5.297000000000000000e+03 2.322609999999999909e-04
5.298000000000000000e+03 2.333690000000000081e-04
5.299000000000000000e+03 2.344769999999999981e-04
5.300000000000000000e+03 2.355520000000000107e-04
5.301000000000000000e+03 2.366020000000000091e-04
5.302000000000000000e+03 2.376529999999999962e-04
5.303000000000000000e+03 2.387029999999999946e-04
5.304000000000000000e+03 2.397540000000000088e-04
5.305000000000000000e+03 2.407769999999999886e-04
5.306000000000000000e+03 2.417990000000000070e-04
5.307000000000000000e+03 2.428209999999999982e-04
5.308000000000000000e+03 2.438429999999999894e-04
5.309000000000000000e+03 2.448659999999999964e-04
5.310000000000000000e+03 2.458639999999999892e-04
5.311000000000000000e+03 2.468950000000000138e-04
5.312000000000000000e+03 2.479250000000000225e-04
5.313000000000000000e+03 2.489559999999999928e-04
5.314000000000000000e+03 2.499879999999999789e-04
5.315000000000000000e+03 2.510030000000000225e-04
5.316000000000000000e+03 2.520180000000000120e-04
5.317000000000000000e+03 2.530340000000000172e-04
5.318000000000000000e+03 2.540500000000000223e-04
5.319000000000000000e+03 2.550659999999999733e-04
5.320000000000000000e+03 2.560770000000000082e-04
5.321000000000000000e+03 2.570539999999999956e-04
5.322000000000000000e+03 2.580330000000000145e-04
5.323000000000000000e+03 2.590119999999999792e-04
5.324000000000000000e+03 2.599899999999999824e-04
5.325000000000000000e+03 2.609749999999999874e-04
5.326000000000000000e+03 2.619599999999999923e-04
5.327000000000000000e+03 2.629460000000000131e-04
5.328000000000000000e+03 2.639310000000000180e-04
5.329000000000000000e+03 2.649160000000000230e-04
5.330000000000000000e+03 2.659270000000000037e-04
5.331000000000000000e+03 2.669489999999999949e-04
5.332000000000000000e+03 2.679720000000000019e-04
5.333000000000000000e+03 2.689939999999999931e-04
5.334000000000000000e+03 2.700170000000000001e-04
5.335000000000000000e+03 2.710890000000000196e-04
5.336000000000000000e+03 2.721600000000000234e-04
5.337000000000000000e+03 2.732330000000000045e-04
5.338000000000000000e+03 2.743059999999999856e-04
5.339000000000000000e+03 2.753790000000000209e-04
5.340000000000000000e+03 2.765329999999999763e-04
5.341000000000000000e+03 2.776990000000000122e-04
5.342000000000000000e+03 2.788670000000000255e-04
5.343000000000000000e+03 2.800340000000000229e-04
5.344000000000000000e+03 2.812010000000000204e-04
5.345000000000000000e+03 2.824959999999999733e-04
5.346000000000000000e+03 2.837919999999999961e-04
5.347000000000000000e+03 2.850870000000000032e-04
5.348000000000000000e+03 2.863830000000000260e-04
5.349000000000000000e+03 2.876800000000000104e-04
5.350000000000000000e+03 2.891649999999999733e-04
5.351000000000000000e+03 2.906340000000000095e-04
5.352000000000000000e+03 2.921019999999999758e-04
5.353000000000000000e+03 2.935710000000000121e-04
5.354000000000000000e+03 2.950399999999999941e-04
5.355000000000000000e+03 2.967860000000000008e-04
5.356000000000000000e+03 2.985339999999999847e-04
5.357000000000000000e+03 3.002820000000000229e-04
5.358000000000000000e+03 3.020300000000000068e-04
5.359000000000000000e+03 3.037779999999999907e-04
5.360000000000000000e+03 3.059299999999999932e-04
5.361000000000000000e+03 3.081030000000000010e-04
5.362000000000000000e+03 3.102770000000000246e-04
5.363000000000000000e+03 3.124520000000000097e-04
5.364000000000000000e+03 3.146280000000000105e-04
5.365000000000000000e+03 3.173869999999999751e-04
5.366000000000000000e+03 3.201470000000000097e-04
5.367000000000000000e+03 3.229090000000000215e-04
5.368000000000000000e+03 3.256709999999999792e-04
5.369000000000000000e+03 3.284350000000000225e-04
5.370000000000000000e+03 3.320430000000000191e-04
5.371000000000000000e+03 3.356330000000000034e-04
5.372000000000000000e+03 3.392240000000000034e-04
5.373000000000000000e+03 3.428150000000000034e-04
5.374000000000000000e+03 3.464070000000000192e-04
5.375000000000000000e+03 3.512340000000000188e-04
5.376000000000000000e+03 3.560610000000000185e-04
5.377000000000000000e+03 3.608899999999999955e-04
5.378000000000000000e+03 3.657190000000000267e-04
5.379000000000000000e+03 3.705499999999999810e-04
5.380000000000000000e+03 3.771970000000000140e-04
5.381000000000000000e+03 3.838639999999999826e-04
5.382000000000000000e+03 3.905329999999999826e-04
5.383000000000000000e+03 3.972040000000000141e-04
5.384000000000000000e+03 4.038760000000000071e-04
5.385000000000000000e+03 4.132569999999999907e-04
5.386000000000000000e+03 4.226400000000000057e-04
5.387000000000000000e+03 4.320260000000000137e-04
5.388000000000000000e+03 4.414150000000000148e-04
5.389000000000000000e+03 4.508070000000000089e-04
5.390000000000000000e+03 4.642860000000000064e-04
5.391000000000000000e+03 4.777469999999999915e-04
5.392000000000000000e+03 4.912090000000000466e-04
5.393000000000000000e+03 5.046750000000000021e-04
5.394000000000000000e+03 5.181429999999999890e-04
5.395000000000000000e+03 5.378790000000000047e-04
5.396000000000000000e+03 5.576189999999999749e-04
5.397000000000000000e+03 5.773619999999999924e-04
5.398000000000000000e+03 5.971099999999999802e-04
5.399000000000000000e+03 6.168620000000000310e-04
5.400000000000000000e+03 6.463970000000000523e-04
5.401000000000000000e+03 6.759949999999999813e-04
5.402000000000000000e+03 7.056049999999999909e-04
5.403000000000000000e+03 7.352250000000000495e-04
5.404000000000000000e+03 7.648559999999999560e-04
5.405000000000000000e+03 8.100680000000000510e-04
5.406000000000000000e+03 8.553000000000000273e-04
5.407000000000000000e+03 9.005480000000000386e-04
5.408000000000000000e+03 9.458100000000000535e-04
5.409000000000000000e+03 9.910929999999999653e-04
5.410000000000000000e+03 1.061719999999999938e-03
5.411000000000000000e+03 1.132360000000000007e-03
5.412000000000000000e+03 1.203010000000000017e-03
5.413000000000000000e+03 1.273690000000000065e-03
5.414000000000000000e+03 1.344399999999999935e-03
5.415000000000000000e+03 1.457310000000000072e-03
5.416000000000000000e+03 1.570250000000000031e-03
5.417000000000000000e+03 1.683229999999999969e-03
5.418000000000000000e+03 1.796260000000000044e-03
5.419000000000000000e+03 1.909310000000000000e-03
5.420000000000000000e+03 2.094410000000000108e-03
5.421000000000000000e+03 2.279440000000000199e-03
5.422000000000000000e+03 2.464510000000000051e-03
5.423000000000000000e+03 2.649620000000000100e-03
5.424000000000000000e+03 2.834759999999999971e-03
5.425000000000000000e+03 3.146079999999999884e-03
5.426000000000000000e+03 3.457459999999999874e-03
5.427000000000000000e+03 3.768919999999999822e-03
5.428000000000000000e+03 4.080430000000000341e-03
5.429000000000000000e+03 4.392000000000000071e-03
5.430000000000000000e+03 4.930369999999999892e-03
5.431000000000000000e+03 5.469169999999999761e-03
5.432000000000000000e+03 6.008130000000000415e-03
5.433000000000000000e+03 6.547260000000000059e-03
5.434000000000000000e+03 7.086560000000000428e-03
5.435000000000000000e+03 8.042880000000000515e-03
5.436000000000000000e+03 8.999490000000000614e-03
5.437000000000000000e+03 9.956430000000000488e-03
5.438000000000000000e+03 1.091360000000000073e-02
5.439000000000000000e+03 1.187110000000000075e-02
5.440000000000000000e+03 1.360440000000000087e-02
5.441000000000000000e+03 1.533739999999999930e-02
5.442000000000000000e+03 1.707080000000000056e-02
5.443000000000000000e+03 1.880460000000000118e-02
5.444000000000000000e+03 2.053870000000000001e-02
5.445000000000000000e+03 2.369479999999999850e-02
5.446000000000000000e+03 2.685150000000000037e-02
5.447000000000000000e+03 3.000900000000000095e-02
5.448000000000000000e+03 3.316700000000000204e-02
5.449000000000000000e+03 3.632579999999999837e-02
5.450000000000000000e+03 4.190929999999999656e-02
5.451000000000000000e+03 4.749599999999999655e-02
5.452000000000000000e+03 5.308419999999999805e-02
5.453000000000000000e+03 5.867420000000000274e-02
5.454000000000000000e+03 6.426579999999999793e-02
5.455000000000000000e+03 7.326689999999999592e-02
5.456000000000000000e+03 8.227059999999999929e-02
5.457000000000000000e+03 9.127709999999999990e-02
5.458000000000000000e+03 1.002860000000000001e-01
5.459000000000000000e+03 1.092980000000000063e-01
5.460000000000000000e+03 1.213479999999999975e-01
5.461000000000000000e+03 1.333930000000000116e-01
5.462000000000000000e+03 1.454409999999999870e-01
5.463000000000000000e+03 1.574909999999999921e-01
5.464000000000000000e+03 1.695419999999999983e-01
5.465000000000000000e+03 1.817549999999999999e-01
5.466000000000000000e+03 1.939700000000000035e-01
5.467000000000000000e+03 2.061880000000000102e-01
5.468000000000000000e+03 2.184069999999999900e-01
5.469000000000000000e+03 2.306279999999999997e-01
5.470000000000000000e+03 2.395019999999999927e-01
5.471000000000000000e+03 2.483970000000000067e-01
5.472000000000000000e+03 2.572949999999999959e-01
5.473000000000000000e+03 2.661959999999999882e-01
5.474000000000000000e+03 2.751000000000000112e-01
5.475000000000000000e+03 2.797359999999999847e-01
5.476000000000000000e+03 2.843720000000000137e-01
5.477000000000000000e+03 2.890110000000000179e-01
5.478000000000000000e+03 2.936500000000000221e-01
5.479000000000000000e+03 2.982920000000000016e-01
5.480000000000000000e+03 3.001059999999999839e-01
5.481000000000000000e+03 3.018879999999999897e-01
5.482000000000000000e+03 3.036699999999999955e-01
5.483000000000000000e+03 3.054529999999999745e-01
5.484000000000000000e+03 3.072349999999999803e-01
5.485000000000000000e+03 3.077699999999999880e-01
5.486000000000000000e+03 3.083040000000000225e-01
5.487000000000000000e+03 3.088389999999999747e-01
5.488000000000000000e+03 3.093739999999999823e-01
5.489000000000000000e+03 3.099080000000000168e-01
5.490000000000000000e+03 3.100379999999999803e-01
5.491000000000000000e+03 3.101670000000000260e-01
5.492000000000000000e+03 3.102960000000000163e-01
5.493000000000000000e+03 3.104250000000000065e-01
5.494000000000000000e+03 3.105539999999999967e-01
5.495000000000000000e+03 3.105870000000000020e-01
5.496000000000000000e+03 3.106189999999999785e-01
5.497000000000000000e+03 3.106519999999999837e-01
5.498000000000000000e+03 3.106849999999999890e-01
5.499000000000000000e+03 3.107170000000000210e-01
5.500000000000000000e+03 3.107349999999999834e-01
5.501000000000000000e+03 3.107960000000000167e-01
5.502000000000000000e+03 3.108560000000000212e-01
5.503000000000000000e+03 3.109180000000000277e-01
5.504000000000000000e+03 3.109779999999999767e-01
5.505000000000000000e+03 3.110379999999999812e-01
5.506000000000000000e+03 3.110970000000000124e-01
5.507000000000000000e+03 3.111559999999999881e-01
5.508000000000000000e+03 3.112159999999999926e-01
5.509000000000000000e+03 3.112750000000000239e-01
5.510000000000000000e+03 3.113339999999999996e-01
5.511000000000000000e+03 3.113400000000000056e-01
5.512000000000000000e+03 3.113449999999999829e-01
5.513000000000000000e+03 3.113500000000000156e-01
5.514000000000000000e+03 3.113549999999999929e-01
5.515000000000000000e+03 3.113589999999999969e-01
5.516000000000000000e+03 3.113639999999999741e-01
5.517000000000000000e+03 3.113679999999999781e-01
5.518000000000000000e+03 3.113730000000000109e-01
5.519000000000000000e+03 3.113770000000000149e-01
5.520000000000000000e+03 3.113750000000000129e-01
5.521000000000000000e+03 3.113960000000000061e-01
5.522000000000000000e+03 3.114149999999999974e-01
5.523000000000000000e+03 3.114359999999999906e-01
5.524000000000000000e+03 3.114560000000000106e-01
5.525000000000000000e+03 3.114250000000000074e-01
5.526000000000000000e+03 3.113940000000000041e-01
5.527000000000000000e+03 3.113630000000000009e-01
5.528000000000000000e+03 3.113310000000000244e-01
5.529000000000000000e+03 3.113000000000000211e-01
5.530000000000000000e+03 3.110249999999999959e-01
5.531000000000000000e+03 3.107480000000000242e-01
5.532000000000000000e+03 3.104709999999999970e-01
5.533000000000000000e+03 3.101940000000000253e-01
5.534000000000000000e+03 3.099160000000000248e-01
5.535000000000000000e+03 3.088049999999999962e-01
5.536000000000000000e+03 3.076940000000000230e-01
5.537000000000000000e+03 3.065829999999999944e-01
5.538000000000000000e+03 3.054720000000000213e-01
5.539000000000000000e+03 3.043600000000000194e-01
5.540000000000000000e+03 3.011260000000000048e-01
5.541000000000000000e+03 2.978720000000000256e-01
5.542000000000000000e+03 2.946179999999999910e-01
5.543000000000000000e+03 2.913640000000000119e-01
5.544000000000000000e+03 2.881090000000000040e-01
5.545000000000000000e+03 2.810409999999999853e-01
5.546000000000000000e+03 2.739710000000000201e-01
5.547000000000000000e+03 2.669019999999999726e-01
5.548000000000000000e+03 2.598329999999999806e-01
5.549000000000000000e+03 2.527619999999999867e-01
5.550000000000000000e+03 2.415629999999999999e-01
5.551000000000000000e+03 2.303959999999999897e-01
5.552000000000000000e+03 2.192260000000000042e-01
5.553000000000000000e+03 2.080519999999999869e-01
5.554000000000000000e+03 1.968739999999999934e-01
5.555000000000000000e+03 1.842119999999999869e-01
5.556000000000000000e+03 1.715460000000000040e-01
5.557000000000000000e+03 1.588759999999999895e-01
5.558000000000000000e+03 1.462009999999999976e-01
5.559000000000000000e+03 1.335230000000000028e-01
5.560000000000000000e+03 1.230020000000000002e-01
5.561000000000000000e+03 1.124649999999999955e-01
5.562000000000000000e+03 1.019270000000000037e-01
5.563000000000000000e+03 9.138849999999999751e-02
5.564000000000000000e+03 8.084869999999999557e-02
5.565000000000000000e+03 7.390309999999999935e-02
5.566000000000000000e+03 6.695669999999999400e-02
5.567000000000000000e+03 6.000989999999999797e-02
5.568000000000000000e+03 5.306219999999999687e-02
5.569000000000000000e+03 4.611389999999999934e-02
5.570000000000000000e+03 4.208769999999999872e-02
5.571000000000000000e+03 3.805809999999999749e-02
5.572000000000000000e+03 3.402879999999999794e-02
5.573000000000000000e+03 2.999970000000000067e-02
5.574000000000000000e+03 2.597090000000000162e-02
5.575000000000000000e+03 2.374820000000000056e-02
5.576000000000000000e+03 2.152569999999999831e-02
5.577000000000000000e+03 1.930329999999999893e-02
5.578000000000000000e+03 1.708099999999999896e-02
5.579000000000000000e+03 1.485889999999999954e-02
5.580000000000000000e+03 1.363819999999999963e-02
5.581000000000000000e+03 1.241880000000000067e-02
5.582000000000000000e+03 1.119919999999999943e-02
5.583000000000000000e+03 9.979510000000000464e-03
5.584000000000000000e+03 8.759670000000000650e-03
5.585000000000000000e+03 8.078560000000000255e-03
5.586000000000000000e+03 7.397400000000000156e-03
5.587000000000000000e+03 6.716159999999999665e-03
5.588000000000000000e+03 6.034839999999999649e-03
5.589000000000000000e+03 5.353440000000000108e-03
5.590000000000000000e+03 4.963429999999999578e-03
5.591000000000000000e+03 4.573709999999999928e-03
5.592000000000000000e+03 4.183899999999999945e-03
5.593000000000000000e+03 3.793990000000000123e-03
5.594000000000000000e+03 3.403970000000000086e-03
5.595000000000000000e+03 3.174670000000000096e-03
5.596000000000000000e+03 2.945300000000000088e-03
5.597000000000000000e+03 2.715879999999999943e-03
5.598000000000000000e+03 2.486390000000000215e-03
5.599000000000000000e+03 2.256839999999999975e-03
5.600000000000000000e+03 2.118230000000000026e-03
5.601000000000000000e+03 1.979540000000000119e-03
5.602000000000000000e+03 1.840829999999999897e-03
5.603000000000000000e+03 1.702079999999999912e-03
5.604000000000000000e+03 1.563300000000000106e-03
5.605000000000000000e+03 1.477330000000000006e-03
5.606000000000000000e+03 1.391340000000000025e-03
5.607000000000000000e+03 1.305329999999999945e-03
5.608000000000000000e+03 1.219309999999999925e-03
5.609000000000000000e+03 1.133260000000000083e-03
5.610000000000000000e+03 1.078680000000000047e-03
5.611000000000000000e+03 1.024120000000000108e-03
5.612000000000000000e+03 9.695539999999999671e-04
5.613000000000000000e+03 9.149660000000000215e-04
5.614000000000000000e+03 8.603610000000000251e-04
5.615000000000000000e+03 8.249540000000000302e-04
5.616000000000000000e+03 7.895369999999999862e-04
5.617000000000000000e+03 7.541060000000000471e-04
5.618000000000000000e+03 7.186690000000000135e-04
5.619000000000000000e+03 6.832179999999999764e-04
5.620000000000000000e+03 6.597470000000000244e-04
5.621000000000000000e+03 6.361970000000000212e-04
5.622000000000000000e+03 6.126470000000000179e-04
5.623000000000000000e+03 5.890939999999999675e-04
5.624000000000000000e+03 5.655410000000000255e-04
5.625000000000000000e+03 5.496140000000000270e-04
5.626000000000000000e+03 5.336870000000000286e-04
5.627000000000000000e+03 5.177579999999999986e-04
5.628000000000000000e+03 5.018289999999999687e-04
5.629000000000000000e+03 4.858980000000000157e-04
5.630000000000000000e+03 4.749120000000000229e-04
5.631000000000000000e+03 4.639439999999999883e-04
5.632000000000000000e+03 4.529770000000000237e-04
5.633000000000000000e+03 4.420059999999999961e-04
5.634000000000000000e+03 4.310350000000000227e-04
5.635000000000000000e+03 4.233220000000000103e-04
5.636000000000000000e+03 4.156070000000000207e-04
5.637000000000000000e+03 4.078910000000000153e-04
5.638000000000000000e+03 4.001739999999999941e-04
5.639000000000000000e+03 3.924539999999999799e-04
5.640000000000000000e+03 3.869149999999999911e-04
5.641000000000000000e+03 3.813840000000000199e-04
5.642000000000000000e+03 3.758529999999999944e-04
5.643000000000000000e+03 3.703220000000000231e-04
5.644000000000000000e+03 3.647880000000000046e-04
5.645000000000000000e+03 3.607290000000000084e-04
5.646000000000000000e+03 3.566709999999999737e-04
5.647000000000000000e+03 3.526100000000000003e-04
5.648000000000000000e+03 3.485490000000000268e-04
5.649000000000000000e+03 3.444869999999999833e-04
5.650000000000000000e+03 3.414350000000000132e-04
5.651000000000000000e+03 3.383710000000000168e-04
5.652000000000000000e+03 3.353060000000000047e-04
5.653000000000000000e+03 3.322409999999999925e-04
5.654000000000000000e+03 3.291750000000000188e-04
5.655000000000000000e+03 3.268049999999999991e-04
5.656000000000000000e+03 3.244349999999999795e-04
5.657000000000000000e+03 3.220639999999999983e-04
5.658000000000000000e+03 3.196930000000000171e-04
5.659000000000000000e+03 3.173219999999999817e-04
5.660000000000000000e+03 3.154319999999999845e-04
5.661000000000000000e+03 3.135489999999999892e-04
5.662000000000000000e+03 3.116670000000000096e-04
5.663000000000000000e+03 3.097840000000000142e-04
5.664000000000000000e+03 3.079010000000000189e-04
5.665000000000000000e+03 3.063510000000000083e-04
5.666000000000000000e+03 3.047999999999999820e-04
5.667000000000000000e+03 3.032490000000000099e-04
5.668000000000000000e+03 3.016979999999999836e-04
5.669000000000000000e+03 3.001459999999999957e-04
5.670000000000000000e+03 2.988229999999999814e-04
5.671000000000000000e+03 2.975119999999999935e-04
5.672000000000000000e+03 2.962010000000000055e-04
5.673000000000000000e+03 2.948900000000000176e-04
5.674000000000000000e+03 2.935780000000000139e-04
5.675000000000000000e+03 2.924210000000000112e-04
5.676000000000000000e+03 2.912629999999999928e-04
5.677000000000000000e+03 2.901049999999999744e-04
5.678000000000000000e+03 2.889470000000000103e-04
5.679000000000000000e+03 2.877889999999999919e-04
5.680000000000000000e+03 2.867309999999999759e-04
5.681000000000000000e+03 2.856809999999999775e-04
5.682000000000000000e+03 2.846309999999999791e-04
5.683000000000000000e+03 2.835800000000000191e-04
5.684000000000000000e+03 2.825300000000000207e-04
5.685000000000000000e+03 2.815410000000000070e-04
5.686000000000000000e+03 2.805519999999999932e-04
5.687000000000000000e+03 2.795639999999999952e-04
5.688000000000000000e+03 2.785740000000000200e-04
5.689000000000000000e+03 2.775850000000000062e-04
5.690000000000000000e+03 2.766290000000000242e-04
5.691000000000000000e+03 2.756519999999999825e-04
5.692000000000000000e+03 2.746739999999999794e-04
5.693000000000000000e+03 2.736959999999999762e-04
5.694000000000000000e+03 2.727179999999999730e-04
5.695000000000000000e+03 2.717539999999999734e-04
5.696000000000000000e+03 2.707890000000000123e-04
5.697000000000000000e+03 2.698239999999999970e-04
5.698000000000000000e+03 2.688589999999999817e-04
5.699000000000000000e+03 2.678930000000000048e-04
5.700000000000000000e+03 2.669260000000000122e-04
5.701000000000000000e+03 2.659800000000000250e-04
5.702000000000000000e+03 2.650349999999999993e-04
5.703000000000000000e+03 2.640890000000000121e-04
5.704000000000000000e+03 2.631430000000000249e-04
5.705000000000000000e+03 2.621820000000000183e-04
5.706000000000000000e+03 2.612219999999999733e-04
5.707000000000000000e+03 2.602619999999999825e-04
5.708000000000000000e+03 2.593000000000000144e-04
5.709000000000000000e+03 2.583379999999999921e-04
5.710000000000000000e+03 2.573550000000000186e-04
5.711000000000000000e+03 2.563530000000000171e-04
5.712000000000000000e+03 2.553519999999999770e-04
5.713000000000000000e+03 2.543499999999999754e-04
5.714000000000000000e+03 2.533479999999999738e-04
5.715000000000000000e+03 2.523180000000000193e-04
5.716000000000000000e+03 2.512869999999999947e-04
5.717000000000000000e+03 2.502569999999999860e-04
5.718000000000000000e+03 2.492249999999999999e-04
5.719000000000000000e+03 2.481939999999999754e-04
5.720000000000000000e+03 2.471309999999999891e-04
5.721000000000000000e+03 2.460270000000000078e-04
5.722000000000000000e+03 2.449250000000000038e-04
5.723000000000000000e+03 2.438229999999999998e-04
5.724000000000000000e+03 2.427200000000000071e-04
5.725000000000000000e+03 2.415820000000000055e-04
5.726000000000000000e+03 2.404440000000000039e-04
5.727000000000000000e+03 2.393060000000000022e-04
5.728000000000000000e+03 2.381689999999999892e-04
5.729000000000000000e+03 2.370309999999999876e-04
5.730000000000000000e+03 2.358559999999999997e-04
5.731000000000000000e+03 2.347310000000000130e-04
5.732000000000000000e+03 2.336059999999999992e-04
5.733000000000000000e+03 2.324799999999999968e-04
5.734000000000000000e+03 2.313539999999999943e-04
5.735000000000000000e+03 2.301890000000000013e-04
5.736000000000000000e+03 2.290240000000000082e-04
5.737000000000000000e+03 2.278579999999999993e-04
5.738000000000000000e+03 2.266919999999999905e-04
5.739000000000000000e+03 2.255260000000000088e-04
5.740000000000000000e+03 2.243210000000000093e-04
5.741000000000000000e+03 2.230730000000000104e-04
5.742000000000000000e+03 2.218260000000000002e-04
5.743000000000000000e+03 2.205789999999999899e-04
5.744000000000000000e+03 2.193320000000000068e-04
5.745000000000000000e+03 2.180469999999999945e-04
5.746000000000000000e+03 2.167620000000000094e-04
5.747000000000000000e+03 2.154780000000000128e-04
5.748000000000000000e+03 2.141939999999999892e-04
5.749000000000000000e+03 2.129090000000000041e-04
5.750000000000000000e+03 2.115890000000000099e-04
5.751000000000000000e+03 2.103220000000000100e-04
5.752000000000000000e+03 2.090550000000000101e-04
5.753000000000000000e+03 2.077869999999999945e-04
5.754000000000000000e+03 2.065179999999999902e-04
5.755000000000000000e+03 2.052149999999999927e-04
5.756000000000000000e+03 2.039110000000000065e-04
5.757000000000000000e+03 2.026069999999999933e-04
5.758000000000000000e+03 2.013019999999999914e-04
5.759000000000000000e+03 1.999960000000000008e-04
5.760000000000000000e+03 1.986590000000000101e-04
5.761000000000000000e+03 1.972730000000000067e-04
5.762000000000000000e+03 1.958879999999999920e-04
5.763000000000000000e+03 1.945030000000000044e-04
5.764000000000000000e+03 1.931179999999999898e-04
5.765000000000000000e+03 1.917040000000000063e-04
5.766000000000000000e+03 1.902910000000000116e-04
5.767000000000000000e+03 1.888770000000000011e-04
5.768000000000000000e+03 1.874640000000000063e-04
5.769000000000000000e+03 1.860499999999999958e-04
5.770000000000000000e+03 1.846109999999999982e-04
5.771000000000000000e+03 1.832089999999999869e-04
5.772000000000000000e+03 1.818049999999999983e-04
5.773000000000000000e+03 1.803999999999999940e-04
5.774000000000000000e+03 1.789960000000000054e-04
5.775000000000000000e+03 1.775690000000000070e-04
5.776000000000000000e+03 1.761420000000000086e-04
5.777000000000000000e+03 1.747139999999999945e-04
5.778000000000000000e+03 1.732860000000000075e-04
5.779000000000000000e+03 1.718579999999999934e-04
5.780000000000000000e+03 1.704119999999999940e-04
5.781000000000000000e+03 1.689440000000000006e-04
5.782000000000000000e+03 1.674749999999999915e-04
5.783000000000000000e+03 1.660060000000000095e-04
5.784000000000000000e+03 1.645370000000000003e-04
5.785000000000000000e+03 1.630559999999999920e-04
5.786000000000000000e+03 1.615750000000000107e-04
5.787000000000000000e+03 1.600929999999999866e-04
5.788000000000000000e+03 1.586109999999999896e-04
5.789000000000000000e+03 1.571289999999999926e-04
5.790000000000000000e+03 1.556390000000000052e-04
5.791000000000000000e+03 1.541609999999999899e-04
5.792000000000000000e+03 1.526809999999999973e-04
5.793000000000000000e+03 1.512019999999999933e-04
5.794000000000000000e+03 1.497220000000000007e-04
5.795000000000000000e+03 1.482389999999999880e-04
5.796000000000000000e+03 1.467560000000000023e-04
5.797000000000000000e+03 1.452729999999999896e-04
5.798000000000000000e+03 1.437889999999999882e-04
5.799000000000000000e+03 1.423039999999999982e-04
5.800000000000000000e+03 1.408229999999999899e-04
5.801000000000000000e+03 1.393199999999999875e-04
5.802000000000000000e+03 1.378159999999999964e-04
5.803000000000000000e+03 1.363129999999999941e-04
5.804000000000000000e+03 1.348099999999999917e-04
5.805000000000000000e+03 1.333159999999999955e-04
5.806000000000000000e+03 1.318210000000000106e-04
5.807000000000000000e+03 1.303259999999999987e-04
5.808000000000000000e+03 1.288309999999999868e-04
5.809000000000000000e+03 1.273369999999999906e-04
5.810000000000000000e+03 1.258560000000000093e-04
5.811000000000000000e+03 1.243980000000000107e-04
5.812000000000000000e+03 1.229389999999999964e-04
5.813000000000000000e+03 1.214789999999999935e-04
5.814000000000000000e+03 1.200190000000000040e-04
5.815000000000000000e+03 1.185780000000000021e-04
5.816000000000000000e+03 1.171370000000000001e-04
5.817000000000000000e+03 1.156939999999999938e-04
5.818000000000000000e+03 1.142510000000000010e-04
5.819000000000000000e+03 1.128079999999999946e-04
5.820000000000000000e+03 1.113879999999999981e-04
5.821000000000000000e+03 1.099640000000000063e-04
5.822000000000000000e+03 1.085389999999999988e-04
5.823000000000000000e+03 1.071140000000000048e-04
5.824000000000000000e+03 1.056889999999999972e-04
5.825000000000000000e+03 1.042929999999999991e-04
5.826000000000000000e+03 1.028959999999999987e-04
5.827000000000000000e+03 1.014989999999999984e-04
5.828000000000000000e+03 1.001009999999999959e-04
5.829000000000000000e+03 9.870289999999999988e-05
5.830000000000000000e+03 9.733870000000000369e-05
5.831000000000000000e+03 9.596420000000000525e-05
5.832000000000000000e+03 9.458980000000000025e-05
5.833000000000000000e+03 9.321499999999999437e-05
5.834000000000000000e+03 9.184020000000000204e-05
5.835000000000000000e+03 9.050419999999999993e-05
5.836000000000000000e+03 8.916819999999999781e-05
5.837000000000000000e+03 8.783170000000000137e-05
5.838000000000000000e+03 8.649520000000000494e-05
5.839000000000000000e+03 8.515880000000000194e-05
5.840000000000000000e+03 8.386530000000000493e-05
5.841000000000000000e+03 8.257580000000000313e-05
5.842000000000000000e+03 8.128619999999999433e-05
5.843000000000000000e+03 7.999610000000000477e-05
5.844000000000000000e+03 7.870589999999999466e-05
5.845000000000000000e+03 7.746259999999999929e-05
5.846000000000000000e+03 7.621890000000000305e-05
5.847000000000000000e+03 7.497519999999999326e-05
5.848000000000000000e+03 7.373120000000000314e-05
5.849000000000000000e+03 7.248679999999999859e-05
5.850000000000000000e+03 7.129299999999999657e-05
5.851000000000000000e+03 7.009399999999999669e-05
5.852000000000000000e+03 6.889499999999999682e-05
5.853000000000000000e+03 6.769579999999999652e-05
5.854000000000000000e+03 6.649659999999999621e-05
5.855000000000000000e+03 6.535100000000000501e-05
5.856000000000000000e+03 6.420529999999999326e-05
5.857000000000000000e+03 6.305959999999999506e-05
