# FR601N
5.638000000000000000e+03 6.777289999999999617e-05
5.639000000000000000e+03 6.888409999999999325e-05
5.640000000000000000e+03 6.999550000000000433e-05
5.641000000000000000e+03 7.110910000000000668e-05
5.642000000000000000e+03 7.222289999999999591e-05
5.643000000000000000e+03 7.333720000000000657e-05
5.644000000000000000e+03 7.449280000000000615e-05
5.645000000000000000e+03 7.564869999999999960e-05
5.646000000000000000e+03 7.680490000000000049e-05
5.647000000000000000e+03 7.796119999999999483e-05
5.648000000000000000e+03 7.911790000000000359e-05
5.649000000000000000e+03 8.031340000000000256e-05
5.650000000000000000e+03 8.150919999999999541e-05
5.651000000000000000e+03 8.270250000000000312e-05
5.652000000000000000e+03 8.389599999999999770e-05
5.653000000000000000e+03 8.508959999999999929e-05
5.654000000000000000e+03 8.631910000000000505e-05
5.655000000000000000e+03 8.754859999999999726e-05
5.656000000000000000e+03 8.877839999999999690e-05
5.657000000000000000e+03 9.000839999999999698e-05
5.658000000000000000e+03 9.123839999999999706e-05
5.659000000000000000e+03 9.250109999999999431e-05
5.660000000000000000e+03 9.376389999999999855e-05
5.661000000000000000e+03 9.502929999999999494e-05
5.662000000000000000e+03 9.629499999999999876e-05
5.663000000000000000e+03 9.756119999999999690e-05
5.664000000000000000e+03 9.885609999999999699e-05
5.665000000000000000e+03 1.001509999999999971e-04
5.666000000000000000e+03 1.014470000000000064e-04
5.667000000000000000e+03 1.027430000000000021e-04
5.668000000000000000e+03 1.040389999999999978e-04
5.669000000000000000e+03 1.053599999999999941e-04
5.670000000000000000e+03 1.066820000000000062e-04
5.671000000000000000e+03 1.080079999999999999e-04
5.672000000000000000e+03 1.093349999999999959e-04
5.673000000000000000e+03 1.106620000000000054e-04
5.674000000000000000e+03 1.120109999999999953e-04
5.675000000000000000e+03 1.133599999999999989e-04
5.676000000000000000e+03 1.147100000000000046e-04
5.677000000000000000e+03 1.160599999999999967e-04
5.678000000000000000e+03 1.174100000000000024e-04
5.679000000000000000e+03 1.187779999999999934e-04
5.680000000000000000e+03 1.201459999999999979e-04
5.681000000000000000e+03 1.215179999999999977e-04
5.682000000000000000e+03 1.228909999999999996e-04
5.683000000000000000e+03 1.242639999999999880e-04
5.684000000000000000e+03 1.256499999999999913e-04
5.685000000000000000e+03 1.270370000000000104e-04
5.686000000000000000e+03 1.284249999999999910e-04
5.687000000000000000e+03 1.298129999999999987e-04
5.688000000000000000e+03 1.312010000000000064e-04
5.689000000000000000e+03 1.325990000000000090e-04
5.690000000000000000e+03 1.339980000000000001e-04
5.691000000000000000e+03 1.353860000000000079e-04
5.692000000000000000e+03 1.367739999999999885e-04
5.693000000000000000e+03 1.381630000000000119e-04
5.694000000000000000e+03 1.395570000000000057e-04
5.695000000000000000e+03 1.409519999999999881e-04
5.696000000000000000e+03 1.423460000000000090e-04
5.697000000000000000e+03 1.437409999999999914e-04
5.698000000000000000e+03 1.451360000000000009e-04
5.699000000000000000e+03 1.465319999999999991e-04
5.700000000000000000e+03 1.479290000000000130e-04
5.701000000000000000e+03 1.493389999999999876e-04
5.702000000000000000e+03 1.507489999999999893e-04
5.703000000000000000e+03 1.521589999999999911e-04
5.704000000000000000e+03 1.535669999999999885e-04
5.705000000000000000e+03 1.549760000000000016e-04
5.706000000000000000e+03 1.563849999999999876e-04
5.707000000000000000e+03 1.577949999999999893e-04
5.708000000000000000e+03 1.592049999999999911e-04
5.709000000000000000e+03 1.606090000000000067e-04
5.710000000000000000e+03 1.620140000000000111e-04
5.711000000000000000e+03 1.634080000000000049e-04
5.712000000000000000e+03 1.648019999999999986e-04
5.713000000000000000e+03 1.661970000000000081e-04
5.714000000000000000e+03 1.675819999999999957e-04
5.715000000000000000e+03 1.689679999999999991e-04
5.716000000000000000e+03 1.703540000000000024e-04
5.717000000000000000e+03 1.717409999999999944e-04
5.718000000000000000e+03 1.731269999999999977e-04
5.719000000000000000e+03 1.745010000000000018e-04
5.720000000000000000e+03 1.758750000000000059e-04
5.721000000000000000e+03 1.772210000000000029e-04
5.722000000000000000e+03 1.785679999999999885e-04
5.723000000000000000e+03 1.799150000000000011e-04
5.724000000000000000e+03 1.812449999999999901e-04
5.725000000000000000e+03 1.825739999999999904e-04
5.726000000000000000e+03 1.839049999999999951e-04
5.727000000000000000e+03 1.852339999999999954e-04
5.728000000000000000e+03 1.865640000000000115e-04
5.729000000000000000e+03 1.878749999999999995e-04
5.730000000000000000e+03 1.891859999999999874e-04
5.731000000000000000e+03 1.905370000000000089e-04
5.732000000000000000e+03 1.918880000000000032e-04
5.733000000000000000e+03 1.932400000000000133e-04
5.734000000000000000e+03 1.945709999999999909e-04
5.735000000000000000e+03 1.959030000000000114e-04
5.736000000000000000e+03 1.972350000000000047e-04
5.737000000000000000e+03 1.985669999999999981e-04
5.738000000000000000e+03 1.999009999999999958e-04
5.739000000000000000e+03 2.012109999999999951e-04
5.740000000000000000e+03 2.025220000000000102e-04
5.741000000000000000e+03 2.037949999999999961e-04
5.742000000000000000e+03 2.050689999999999978e-04
5.743000000000000000e+03 2.063420000000000109e-04
5.744000000000000000e+03 2.075909999999999984e-04
5.745000000000000000e+03 2.088389999999999973e-04
5.746000000000000000e+03 2.100880000000000119e-04
5.747000000000000000e+03 2.113369999999999995e-04
5.748000000000000000e+03 2.125859999999999870e-04
5.749000000000000000e+03 2.138089999999999988e-04
5.750000000000000000e+03 2.150329999999999993e-04
5.751000000000000000e+03 2.163110000000000098e-04
5.752000000000000000e+03 2.175909999999999975e-04
5.753000000000000000e+03 2.188710000000000124e-04
5.754000000000000000e+03 2.201249999999999973e-04
5.755000000000000000e+03 2.213809999999999866e-04
5.756000000000000000e+03 2.226370000000000031e-04
5.757000000000000000e+03 2.238949999999999968e-04
5.758000000000000000e+03 2.251520000000000019e-04
5.759000000000000000e+03 2.263850000000000085e-04
5.760000000000000000e+03 2.276190000000000038e-04
5.761000000000000000e+03 2.287989999999999891e-04
5.762000000000000000e+03 2.299790000000000016e-04
5.763000000000000000e+03 2.311600000000000026e-04
5.764000000000000000e+03 2.323159999999999895e-04
5.765000000000000000e+03 2.334729999999999922e-04
5.766000000000000000e+03 2.346299999999999948e-04
5.767000000000000000e+03 2.357869999999999975e-04
5.768000000000000000e+03 2.369440000000000001e-04
5.769000000000000000e+03 2.380790000000000087e-04
5.770000000000000000e+03 2.392150000000000060e-04
5.771000000000000000e+03 2.403969999999999957e-04
5.772000000000000000e+03 2.415790000000000125e-04
5.773000000000000000e+03 2.427619999999999908e-04
5.774000000000000000e+03 2.439279999999999996e-04
5.775000000000000000e+03 2.450940000000000085e-04
5.776000000000000000e+03 2.462599999999999902e-04
5.777000000000000000e+03 2.474269999999999877e-04
5.778000000000000000e+03 2.485950000000000009e-04
5.779000000000000000e+03 2.497500000000000262e-04
5.780000000000000000e+03 2.509049999999999974e-04
5.781000000000000000e+03 2.520290000000000225e-04
5.782000000000000000e+03 2.531519999999999777e-04
5.783000000000000000e+03 2.542770000000000186e-04
5.784000000000000000e+03 2.553939999999999878e-04
5.785000000000000000e+03 2.565120000000000269e-04
5.786000000000000000e+03 2.576309999999999733e-04
5.787000000000000000e+03 2.587490000000000124e-04
5.788000000000000000e+03 2.598669999999999973e-04
5.789000000000000000e+03 2.609889999999999910e-04
5.790000000000000000e+03 2.621100000000000231e-04
5.791000000000000000e+03 2.632509999999999907e-04
5.792000000000000000e+03 2.643920000000000124e-04
5.793000000000000000e+03 2.655339999999999957e-04
5.794000000000000000e+03 2.666909999999999984e-04
5.795000000000000000e+03 2.678469999999999853e-04
5.796000000000000000e+03 2.690030000000000264e-04
5.797000000000000000e+03 2.701609999999999906e-04
5.798000000000000000e+03 2.713190000000000090e-04
5.799000000000000000e+03 2.725070000000000118e-04
5.800000000000000000e+03 2.736950000000000147e-04
5.801000000000000000e+03 2.748429999999999840e-04
5.802000000000000000e+03 2.759899999999999918e-04
5.803000000000000000e+03 2.771380000000000154e-04
5.804000000000000000e+03 2.783349999999999973e-04
5.805000000000000000e+03 2.795329999999999950e-04
5.806000000000000000e+03 2.807290000000000154e-04
5.807000000000000000e+03 2.819270000000000131e-04
5.808000000000000000e+03 2.831250000000000108e-04
5.809000000000000000e+03 2.843990000000000125e-04
5.810000000000000000e+03 2.856719999999999984e-04
5.811000000000000000e+03 2.869990000000000215e-04
5.812000000000000000e+03 2.883259999999999903e-04
5.813000000000000000e+03 2.896539999999999749e-04
5.814000000000000000e+03 2.910920000000000109e-04
5.815000000000000000e+03 2.925310000000000085e-04
5.816000000000000000e+03 2.939719999999999833e-04
5.817000000000000000e+03 2.954119999999999966e-04
5.818000000000000000e+03 2.968530000000000257e-04
5.819000000000000000e+03 2.984509999999999789e-04
5.820000000000000000e+03 3.000500000000000020e-04
5.821000000000000000e+03 3.016389999999999762e-04
5.822000000000000000e+03 3.032280000000000045e-04
5.823000000000000000e+03 3.048179999999999943e-04
5.824000000000000000e+03 3.066260000000000014e-04
5.825000000000000000e+03 3.084350000000000242e-04
5.826000000000000000e+03 3.102429999999999771e-04
5.827000000000000000e+03 3.120530000000000157e-04
5.828000000000000000e+03 3.138630000000000001e-04
5.829000000000000000e+03 3.159740000000000075e-04
5.830000000000000000e+03 3.180850000000000149e-04
5.831000000000000000e+03 3.201629999999999906e-04
5.832000000000000000e+03 3.222429999999999978e-04
5.833000000000000000e+03 3.243219999999999892e-04
5.834000000000000000e+03 3.268109999999999852e-04
5.835000000000000000e+03 3.292999999999999812e-04
5.836000000000000000e+03 3.317910000000000087e-04
5.837000000000000000e+03 3.342800000000000047e-04
5.838000000000000000e+03 3.367709999999999779e-04
5.839000000000000000e+03 3.398210000000000250e-04
5.840000000000000000e+03 3.428719999999999793e-04
5.841000000000000000e+03 3.459399999999999845e-04
5.842000000000000000e+03 3.490100000000000212e-04
5.843000000000000000e+03 3.520800000000000036e-04
5.844000000000000000e+03 3.559179999999999896e-04
5.845000000000000000e+03 3.597559999999999755e-04
5.846000000000000000e+03 3.635949999999999772e-04
5.847000000000000000e+03 3.674349999999999947e-04
5.848000000000000000e+03 3.712780000000000052e-04
5.849000000000000000e+03 3.761740000000000071e-04
5.850000000000000000e+03 3.810710000000000247e-04
5.851000000000000000e+03 3.859439999999999898e-04
5.852000000000000000e+03 3.908170000000000090e-04
5.853000000000000000e+03 3.956909999999999898e-04
5.854000000000000000e+03 4.020229999999999962e-04
5.855000000000000000e+03 4.083550000000000027e-04
5.856000000000000000e+03 4.146880000000000249e-04
5.857000000000000000e+03 4.210230000000000244e-04
5.858000000000000000e+03 4.273580000000000239e-04
5.859000000000000000e+03 4.357249999999999795e-04
5.860000000000000000e+03 4.440919999999999894e-04
5.861000000000000000e+03 4.525250000000000084e-04
5.862000000000000000e+03 4.609619999999999820e-04
5.863000000000000000e+03 4.694030000000000186e-04
5.864000000000000000e+03 4.807020000000000065e-04
5.865000000000000000e+03 4.920060000000000188e-04
5.866000000000000000e+03 5.033149999999999473e-04
5.867000000000000000e+03 5.146280000000000472e-04
5.868000000000000000e+03 5.259470000000000247e-04
5.869000000000000000e+03 5.413279999999999915e-04
5.870000000000000000e+03 5.567159999999999600e-04
5.871000000000000000e+03 5.720229999999999542e-04
5.872000000000000000e+03 5.873319999999999800e-04
5.873000000000000000e+03 6.026430000000000372e-04
5.874000000000000000e+03 6.237839999999999488e-04
5.875000000000000000e+03 6.449259999999999845e-04
5.876000000000000000e+03 6.660729999999999906e-04
5.877000000000000000e+03 6.872210000000000124e-04
5.878000000000000000e+03 7.083719999999999730e-04
5.879000000000000000e+03 7.380000000000000492e-04
5.880000000000000000e+03 7.676319999999999715e-04
5.881000000000000000e+03 7.973579999999999644e-04
5.882000000000000000e+03 8.270940000000000063e-04
5.883000000000000000e+03 8.568399999999999888e-04
5.884000000000000000e+03 8.990919999999999902e-04
5.885000000000000000e+03 9.413600000000000266e-04
5.886000000000000000e+03 9.836420000000000666e-04
5.887000000000000000e+03 1.025939999999999925e-03
5.888000000000000000e+03 1.068249999999999972e-03
5.889000000000000000e+03 1.129280000000000084e-03
5.890000000000000000e+03 1.190319999999999920e-03
5.891000000000000000e+03 1.251439999999999931e-03
5.892000000000000000e+03 1.312589999999999981e-03
5.893000000000000000e+03 1.373759999999999912e-03
5.894000000000000000e+03 1.463389999999999960e-03
5.895000000000000000e+03 1.553059999999999987e-03
5.896000000000000000e+03 1.642769999999999994e-03
5.897000000000000000e+03 1.732519999999999980e-03
5.898000000000000000e+03 1.822309999999999945e-03
5.899000000000000000e+03 1.956090000000000172e-03
5.900000000000000000e+03 2.089929999999999826e-03
5.901000000000000000e+03 2.223590000000000115e-03
5.902000000000000000e+03 2.357269999999999852e-03
5.903000000000000000e+03 2.490989999999999784e-03
5.904000000000000000e+03 2.693860000000000178e-03
5.905000000000000000e+03 2.896769999999999901e-03
5.906000000000000000e+03 3.099730000000000193e-03
5.907000000000000000e+03 3.302740000000000190e-03
5.908000000000000000e+03 3.505789999999999948e-03
5.909000000000000000e+03 3.819540000000000175e-03
5.910000000000000000e+03 4.133350000000000045e-03
5.911000000000000000e+03 4.447050000000000135e-03
5.912000000000000000e+03 4.760809999999999868e-03
5.913000000000000000e+03 5.074600000000000291e-03
5.914000000000000000e+03 5.568589999999999998e-03
5.915000000000000000e+03 6.062679999999999979e-03
5.916000000000000000e+03 6.556819999999999662e-03
5.917000000000000000e+03 7.051049999999999679e-03
5.918000000000000000e+03 7.545350000000000147e-03
5.919000000000000000e+03 8.337489999999999485e-03
5.920000000000000000e+03 9.129760000000000653e-03
5.921000000000000000e+03 9.923649999999999138e-03
5.922000000000000000e+03 1.071790000000000069e-02
5.923000000000000000e+03 1.151250000000000016e-02
5.924000000000000000e+03 1.280459999999999932e-02
5.925000000000000000e+03 1.409720000000000070e-02
5.926000000000000000e+03 1.539049999999999967e-02
5.927000000000000000e+03 1.668429999999999913e-02
5.928000000000000000e+03 1.797879999999999964e-02
5.929000000000000000e+03 2.010170000000000012e-02
5.930000000000000000e+03 2.222560000000000160e-02
5.931000000000000000e+03 2.434880000000000030e-02
5.932000000000000000e+03 2.647280000000000119e-02
5.933000000000000000e+03 2.859750000000000139e-02
5.934000000000000000e+03 3.206529999999999797e-02
5.935000000000000000e+03 3.553429999999999783e-02
5.936000000000000000e+03 3.900440000000000157e-02
5.937000000000000000e+03 4.247580000000000106e-02
5.938000000000000000e+03 4.594829999999999748e-02
5.939000000000000000e+03 5.144730000000000136e-02
5.940000000000000000e+03 5.694830000000000031e-02
5.941000000000000000e+03 6.244940000000000213e-02
5.942000000000000000e+03 6.795220000000000427e-02
5.943000000000000000e+03 7.345649999999999402e-02
5.944000000000000000e+03 8.157319999999999849e-02
5.945000000000000000e+03 8.969219999999999970e-02
5.946000000000000000e+03 9.781339999999999479e-02
5.947000000000000000e+03 1.059370000000000034e-01
5.948000000000000000e+03 1.140629999999999977e-01
5.949000000000000000e+03 1.246020000000000044e-01
5.950000000000000000e+03 1.351439999999999864e-01
5.951000000000000000e+03 1.456959999999999922e-01
5.952000000000000000e+03 1.562510000000000010e-01
5.953000000000000000e+03 1.668100000000000138e-01
5.954000000000000000e+03 1.781300000000000106e-01
5.955000000000000000e+03 1.894540000000000113e-01
5.956000000000000000e+03 2.007819999999999883e-01
5.957000000000000000e+03 2.121139999999999970e-01
5.958000000000000000e+03 2.234510000000000107e-01
5.959000000000000000e+03 2.330389999999999961e-01
5.960000000000000000e+03 2.426300000000000123e-01
5.961000000000000000e+03 2.522409999999999930e-01
5.962000000000000000e+03 2.618570000000000064e-01
5.963000000000000000e+03 2.714779999999999971e-01
5.964000000000000000e+03 2.778329999999999966e-01
5.965000000000000000e+03 2.841910000000000269e-01
5.966000000000000000e+03 2.905510000000000037e-01
5.967000000000000000e+03 2.969160000000000132e-01
5.968000000000000000e+03 3.032839999999999980e-01
5.969000000000000000e+03 3.066550000000000109e-01
5.970000000000000000e+03 3.100269999999999970e-01
5.971000000000000000e+03 3.133699999999999819e-01
5.972000000000000000e+03 3.167139999999999955e-01
5.973000000000000000e+03 3.200589999999999824e-01
5.974000000000000000e+03 3.215250000000000052e-01
5.975000000000000000e+03 3.229899999999999993e-01
5.976000000000000000e+03 3.244560000000000222e-01
5.977000000000000000e+03 3.259219999999999895e-01
5.978000000000000000e+03 3.273889999999999856e-01
5.979000000000000000e+03 3.279460000000000153e-01
5.980000000000000000e+03 3.285020000000000162e-01
5.981000000000000000e+03 3.290440000000000031e-01
5.982000000000000000e+03 3.295870000000000188e-01
5.983000000000000000e+03 3.301290000000000058e-01
5.984000000000000000e+03 3.303130000000000233e-01
5.985000000000000000e+03 3.304960000000000120e-01
5.986000000000000000e+03 3.306799999999999740e-01
5.987000000000000000e+03 3.308639999999999914e-01
5.988000000000000000e+03 3.310480000000000089e-01
5.989000000000000000e+03 3.311180000000000234e-01
5.990000000000000000e+03 3.311879999999999824e-01
5.991000000000000000e+03 3.312760000000000149e-01
5.992000000000000000e+03 3.313639999999999919e-01
5.993000000000000000e+03 3.314529999999999976e-01
5.994000000000000000e+03 3.315130000000000021e-01
5.995000000000000000e+03 3.315739999999999799e-01
5.996000000000000000e+03 3.316339999999999844e-01
5.997000000000000000e+03 3.316950000000000176e-01
5.998000000000000000e+03 3.317559999999999953e-01
5.999000000000000000e+03 3.318119999999999958e-01
6.000000000000000000e+03 3.318679999999999963e-01
6.001000000000000000e+03 3.319210000000000216e-01
6.002000000000000000e+03 3.319739999999999913e-01
6.003000000000000000e+03 3.320270000000000166e-01
6.004000000000000000e+03 3.320790000000000131e-01
6.005000000000000000e+03 3.321310000000000096e-01
6.006000000000000000e+03 3.321830000000000060e-01
6.007000000000000000e+03 3.322359999999999758e-01
6.008000000000000000e+03 3.322879999999999723e-01
6.009000000000000000e+03 3.323400000000000243e-01
6.010000000000000000e+03 3.323920000000000208e-01
6.011000000000000000e+03 3.324230000000000240e-01
6.012000000000000000e+03 3.324529999999999985e-01
6.013000000000000000e+03 3.324840000000000018e-01
6.014000000000000000e+03 3.325139999999999763e-01
6.015000000000000000e+03 3.325440000000000063e-01
6.016000000000000000e+03 3.325750000000000095e-01
6.017000000000000000e+03 3.326060000000000128e-01
6.018000000000000000e+03 3.326359999999999872e-01
6.019000000000000000e+03 3.326649999999999885e-01
6.020000000000000000e+03 3.326950000000000185e-01
6.021000000000000000e+03 3.327570000000000250e-01
6.022000000000000000e+03 3.328189999999999760e-01
6.023000000000000000e+03 3.328809999999999825e-01
6.024000000000000000e+03 3.329349999999999810e-01
6.025000000000000000e+03 3.329889999999999795e-01
6.026000000000000000e+03 3.330440000000000067e-01
6.027000000000000000e+03 3.330989999999999784e-01
6.028000000000000000e+03 3.331529999999999769e-01
6.029000000000000000e+03 3.331669999999999909e-01
6.030000000000000000e+03 3.331819999999999782e-01
6.031000000000000000e+03 3.332169999999999854e-01
6.032000000000000000e+03 3.332530000000000214e-01
6.033000000000000000e+03 3.332879999999999732e-01
6.034000000000000000e+03 3.331720000000000237e-01
6.035000000000000000e+03 3.330560000000000187e-01
6.036000000000000000e+03 3.329389999999999850e-01
6.037000000000000000e+03 3.328229999999999800e-01
6.038000000000000000e+03 3.327060000000000017e-01
6.039000000000000000e+03 3.321419999999999928e-01
6.040000000000000000e+03 3.315759999999999819e-01
6.041000000000000000e+03 3.309570000000000012e-01
6.042000000000000000e+03 3.303389999999999938e-01
6.043000000000000000e+03 3.297200000000000131e-01
6.044000000000000000e+03 3.280179999999999763e-01
6.045000000000000000e+03 3.263150000000000217e-01
6.046000000000000000e+03 3.246129999999999849e-01
6.047000000000000000e+03 3.229110000000000036e-01
6.048000000000000000e+03 3.212070000000000203e-01
6.049000000000000000e+03 3.173880000000000035e-01
6.050000000000000000e+03 3.135680000000000134e-01
6.051000000000000000e+03 3.097639999999999838e-01
6.052000000000000000e+03 3.059589999999999810e-01
6.053000000000000000e+03 3.021539999999999782e-01
6.054000000000000000e+03 2.951860000000000039e-01
6.055000000000000000e+03 2.882170000000000010e-01
6.056000000000000000e+03 2.812450000000000228e-01
6.057000000000000000e+03 2.742709999999999870e-01
6.058000000000000000e+03 2.672959999999999781e-01
6.059000000000000000e+03 2.571550000000000225e-01
6.060000000000000000e+03 2.470110000000000083e-01
6.061000000000000000e+03 2.368689999999999962e-01
6.062000000000000000e+03 2.267230000000000079e-01
6.063000000000000000e+03 2.165749999999999897e-01
6.064000000000000000e+03 2.050559999999999883e-01
6.065000000000000000e+03 1.935330000000000106e-01
6.066000000000000000e+03 1.820060000000000011e-01
6.067000000000000000e+03 1.704749999999999877e-01
6.068000000000000000e+03 1.589409999999999989e-01
6.069000000000000000e+03 1.485839999999999939e-01
6.070000000000000000e+03 1.382240000000000135e-01
6.071000000000000000e+03 1.278529999999999944e-01
6.072000000000000000e+03 1.174790000000000001e-01
6.073000000000000000e+03 1.071040000000000048e-01
6.074000000000000000e+03 9.935750000000000137e-02
6.075000000000000000e+03 9.160989999999999411e-02
6.076000000000000000e+03 8.386010000000000686e-02
6.077000000000000000e+03 7.610870000000000135e-02
6.078000000000000000e+03 6.835570000000000535e-02
6.079000000000000000e+03 6.321480000000000155e-02
6.080000000000000000e+03 5.807269999999999793e-02
6.081000000000000000e+03 5.293350000000000138e-02
6.082000000000000000e+03 4.779230000000000284e-02
6.083000000000000000e+03 4.264930000000000110e-02
6.084000000000000000e+03 3.944249999999999839e-02
6.085000000000000000e+03 3.623459999999999875e-02
6.086000000000000000e+03 3.302540000000000336e-02
6.087000000000000000e+03 2.981500000000000122e-02
6.088000000000000000e+03 2.660360000000000155e-02
6.089000000000000000e+03 2.464620000000000005e-02
6.090000000000000000e+03 2.268809999999999924e-02
6.091000000000000000e+03 2.072840000000000099e-02
6.092000000000000000e+03 1.876809999999999937e-02
6.093000000000000000e+03 1.680730000000000071e-02
6.094000000000000000e+03 1.561279999999999960e-02
6.095000000000000000e+03 1.441790000000000085e-02
6.096000000000000000e+03 1.322279999999999983e-02
6.097000000000000000e+03 1.202729999999999945e-02
6.098000000000000000e+03 1.083139999999999971e-02
6.099000000000000000e+03 1.009499999999999981e-02
6.100000000000000000e+03 9.358399999999999358e-03
6.101000000000000000e+03 8.621429999999999372e-03
6.102000000000000000e+03 7.884330000000000158e-03
6.103000000000000000e+03 7.146999999999999707e-03
6.104000000000000000e+03 6.685570000000000054e-03
6.105000000000000000e+03 6.224010000000000306e-03
6.106000000000000000e+03 5.762340000000000344e-03
6.107000000000000000e+03 5.300570000000000108e-03
6.108000000000000000e+03 4.838679999999999717e-03
6.109000000000000000e+03 4.544320000000000130e-03
6.110000000000000000e+03 4.249900000000000032e-03
6.111000000000000000e+03 3.955789999999999827e-03
6.112000000000000000e+03 3.661549999999999961e-03
6.113000000000000000e+03 3.367179999999999999e-03
6.114000000000000000e+03 3.176159999999999921e-03
6.115000000000000000e+03 2.985049999999999943e-03
6.116000000000000000e+03 2.793860000000000007e-03
6.117000000000000000e+03 2.602580000000000171e-03
6.118000000000000000e+03 2.411229999999999884e-03
6.119000000000000000e+03 2.284780000000000144e-03
6.120000000000000000e+03 2.158290000000000208e-03
6.121000000000000000e+03 2.031589999999999785e-03
6.122000000000000000e+03 1.904859999999999973e-03
6.123000000000000000e+03 1.778080000000000025e-03
6.124000000000000000e+03 1.692839999999999926e-03
6.125000000000000000e+03 1.607560000000000065e-03
6.126000000000000000e+03 1.522260000000000106e-03
6.127000000000000000e+03 1.436930000000000108e-03
6.128000000000000000e+03 1.351580000000000012e-03
6.129000000000000000e+03 1.293230000000000031e-03
6.130000000000000000e+03 1.234859999999999951e-03
6.131000000000000000e+03 1.176500000000000028e-03
6.132000000000000000e+03 1.118110000000000067e-03
6.133000000000000000e+03 1.059709999999999949e-03
6.134000000000000000e+03 1.019160000000000075e-03
6.135000000000000000e+03 9.785989999999999186e-04
6.136000000000000000e+03 9.380239999999999759e-04
6.137000000000000000e+03 8.974360000000000453e-04
6.138000000000000000e+03 8.568319999999999713e-04
6.139000000000000000e+03 8.282230000000000017e-04
6.140000000000000000e+03 7.996019999999999517e-04
6.141000000000000000e+03 7.709820000000000258e-04
6.142000000000000000e+03 7.423510000000000351e-04
6.143000000000000000e+03 7.137110000000000112e-04
6.144000000000000000e+03 6.932390000000000080e-04
6.145000000000000000e+03 6.727600000000000030e-04
6.146000000000000000e+03 6.522739999999999962e-04
6.147000000000000000e+03 6.317799999999999718e-04
6.148000000000000000e+03 6.112790000000000541e-04
6.149000000000000000e+03 5.964190000000000507e-04
6.150000000000000000e+03 5.815529999999999528e-04
6.151000000000000000e+03 5.666409999999999980e-04
6.152000000000000000e+03 5.517249999999999802e-04
6.153000000000000000e+03 5.368060000000000236e-04
6.154000000000000000e+03 5.258310000000000414e-04
6.155000000000000000e+03 5.148530000000000120e-04
6.156000000000000000e+03 5.038720000000000438e-04
6.157000000000000000e+03 4.928899999999999514e-04
6.158000000000000000e+03 4.819049999999999744e-04
6.159000000000000000e+03 4.737060000000000077e-04
6.160000000000000000e+03 4.655050000000000095e-04
6.161000000000000000e+03 4.573450000000000063e-04
6.162000000000000000e+03 4.491820000000000101e-04
6.163000000000000000e+03 4.410169999999999824e-04
6.164000000000000000e+03 4.348369999999999840e-04
6.165000000000000000e+03 4.286550000000000082e-04
6.166000000000000000e+03 4.224710000000000010e-04
6.167000000000000000e+03 4.162829999999999851e-04
6.168000000000000000e+03 4.100929999999999918e-04
6.169000000000000000e+03 4.053330000000000171e-04
6.170000000000000000e+03 4.005720000000000266e-04
6.171000000000000000e+03 3.958009999999999870e-04
6.172000000000000000e+03 3.910280000000000244e-04
6.173000000000000000e+03 3.862529999999999761e-04
6.174000000000000000e+03 3.825149999999999926e-04
6.175000000000000000e+03 3.787749999999999776e-04
6.176000000000000000e+03 3.750340000000000010e-04
6.177000000000000000e+03 3.712920000000000087e-04
6.178000000000000000e+03 3.675479999999999850e-04
6.179000000000000000e+03 3.645599999999999926e-04
6.180000000000000000e+03 3.615700000000000229e-04
6.181000000000000000e+03 3.585719999999999815e-04
6.182000000000000000e+03 3.555739999999999942e-04
6.183000000000000000e+03 3.525749999999999913e-04
6.184000000000000000e+03 3.501280000000000061e-04
6.185000000000000000e+03 3.476800000000000051e-04
6.186000000000000000e+03 3.452330000000000199e-04
6.187000000000000000e+03 3.427829999999999874e-04
6.188000000000000000e+03 3.403330000000000092e-04
6.189000000000000000e+03 3.382869999999999953e-04
6.190000000000000000e+03 3.362409999999999813e-04
6.191000000000000000e+03 3.342020000000000234e-04
6.192000000000000000e+03 3.321640000000000269e-04
6.193000000000000000e+03 3.301239999999999990e-04
6.194000000000000000e+03 3.283800000000000239e-04
6.195000000000000000e+03 3.266340000000000172e-04
6.196000000000000000e+03 3.248880000000000105e-04
6.197000000000000000e+03 3.231430000000000196e-04
6.198000000000000000e+03 3.213949999999999815e-04
6.199000000000000000e+03 3.198620000000000217e-04
6.200000000000000000e+03 3.183290000000000078e-04
6.201000000000000000e+03 3.167569999999999761e-04
6.202000000000000000e+03 3.151849999999999986e-04
6.203000000000000000e+03 3.136120000000000053e-04
6.204000000000000000e+03 3.121940000000000132e-04
6.205000000000000000e+03 3.107750000000000052e-04
6.206000000000000000e+03 3.093559999999999973e-04
6.207000000000000000e+03 3.079369999999999894e-04
6.208000000000000000e+03 3.065179999999999814e-04
6.209000000000000000e+03 3.052069999999999935e-04
6.210000000000000000e+03 3.038960000000000055e-04
6.211000000000000000e+03 3.025880000000000106e-04
6.212000000000000000e+03 3.012770000000000226e-04
6.213000000000000000e+03 2.999680000000000120e-04
6.214000000000000000e+03 2.987309999999999965e-04
6.215000000000000000e+03 2.974949999999999969e-04
6.216000000000000000e+03 2.962579999999999814e-04
6.217000000000000000e+03 2.950210000000000202e-04
6.218000000000000000e+03 2.937850000000000205e-04
6.219000000000000000e+03 2.925949999999999862e-04
6.220000000000000000e+03 2.914060000000000218e-04
6.221000000000000000e+03 2.902460000000000261e-04
6.222000000000000000e+03 2.890850000000000147e-04
6.223000000000000000e+03 2.879250000000000190e-04
6.224000000000000000e+03 2.867899999999999833e-04
6.225000000000000000e+03 2.856569999999999791e-04
6.226000000000000000e+03 2.845219999999999976e-04
6.227000000000000000e+03 2.833870000000000161e-04
6.228000000000000000e+03 2.822510000000000188e-04
6.229000000000000000e+03 2.811269999999999936e-04
6.230000000000000000e+03 2.800020000000000070e-04
6.231000000000000000e+03 2.788499999999999746e-04
6.232000000000000000e+03 2.776969999999999807e-04
6.233000000000000000e+03 2.765430000000000253e-04
6.234000000000000000e+03 2.753899999999999773e-04
6.235000000000000000e+03 2.742369999999999834e-04
6.236000000000000000e+03 2.730829999999999738e-04
6.237000000000000000e+03 2.719290000000000184e-04
6.238000000000000000e+03 2.707750000000000087e-04
6.239000000000000000e+03 2.696120000000000200e-04
6.240000000000000000e+03 2.684480000000000156e-04
6.241000000000000000e+03 2.672989999999999763e-04
6.242000000000000000e+03 2.661489999999999754e-04
6.243000000000000000e+03 2.649989999999999746e-04
6.244000000000000000e+03 2.638319999999999771e-04
6.245000000000000000e+03 2.626659999999999954e-04
6.246000000000000000e+03 2.614989999999999979e-04
6.247000000000000000e+03 2.603320000000000005e-04
6.248000000000000000e+03 2.591650000000000030e-04
6.249000000000000000e+03 2.579759999999999844e-04
6.250000000000000000e+03 2.567879999999999815e-04
6.251000000000000000e+03 2.555929999999999769e-04
6.252000000000000000e+03 2.543970000000000107e-04
6.253000000000000000e+03 2.532020000000000061e-04
6.254000000000000000e+03 2.519810000000000257e-04
6.255000000000000000e+03 2.507610000000000069e-04
6.256000000000000000e+03 2.495409999999999881e-04
6.257000000000000000e+03 2.483200000000000077e-04
6.258000000000000000e+03 2.470989999999999732e-04
6.259000000000000000e+03 2.458510000000000014e-04
6.260000000000000000e+03 2.446029999999999754e-04
6.261000000000000000e+03 2.433629999999999940e-04
6.262000000000000000e+03 2.421210000000000083e-04
6.263000000000000000e+03 2.408789999999999955e-04
6.264000000000000000e+03 2.396099999999999912e-04
6.265000000000000000e+03 2.383390000000000096e-04
6.266000000000000000e+03 2.370700000000000053e-04
6.267000000000000000e+03 2.357989999999999967e-04
6.268000000000000000e+03 2.345279999999999880e-04
6.269000000000000000e+03 2.332289999999999992e-04
6.270000000000000000e+03 2.319300000000000105e-04
6.271000000000000000e+03 2.306470000000000026e-04
6.272000000000000000e+03 2.293639999999999947e-04
6.273000000000000000e+03 2.280799999999999982e-04
6.274000000000000000e+03 2.267679999999999945e-04
6.275000000000000000e+03 2.254559999999999908e-04
6.276000000000000000e+03 2.241420000000000098e-04
6.277000000000000000e+03 2.228289999999999904e-04
6.278000000000000000e+03 2.215150000000000094e-04
6.279000000000000000e+03 2.201740000000000099e-04
6.280000000000000000e+03 2.188330000000000104e-04
6.281000000000000000e+03 2.174619999999999993e-04
6.282000000000000000e+03 2.160899999999999995e-04
6.283000000000000000e+03 2.147189999999999884e-04
6.284000000000000000e+03 2.133229999999999903e-04
6.285000000000000000e+03 2.119260000000000035e-04
6.286000000000000000e+03 2.105289999999999896e-04
6.287000000000000000e+03 2.091329999999999914e-04
6.288000000000000000e+03 2.077349999999999889e-04
6.289000000000000000e+03 2.063160000000000081e-04
6.290000000000000000e+03 2.048960000000000115e-04
6.291000000000000000e+03 2.034810000000000123e-04
6.292000000000000000e+03 2.020670000000000018e-04
6.293000000000000000e+03 2.006520000000000027e-04
6.294000000000000000e+03 1.992169999999999868e-04
6.295000000000000000e+03 1.977819999999999980e-04
6.296000000000000000e+03 1.963459999999999934e-04
6.297000000000000000e+03 1.949099999999999889e-04
6.298000000000000000e+03 1.934740000000000114e-04
6.299000000000000000e+03 1.920199999999999945e-04
6.300000000000000000e+03 1.905669999999999933e-04
6.301000000000000000e+03 1.891100000000000105e-04
6.302000000000000000e+03 1.876539999999999892e-04
6.303000000000000000e+03 1.861970000000000064e-04
6.304000000000000000e+03 1.847270000000000086e-04
6.305000000000000000e+03 1.832559999999999951e-04
6.306000000000000000e+03 1.817850000000000086e-04
6.307000000000000000e+03 1.803139999999999951e-04
6.308000000000000000e+03 1.788419999999999929e-04
6.309000000000000000e+03 1.773599999999999960e-04
6.310000000000000000e+03 1.758779999999999990e-04
6.311000000000000000e+03 1.744080000000000012e-04
6.312000000000000000e+03 1.729369999999999877e-04
6.313000000000000000e+03 1.714660000000000012e-04
6.314000000000000000e+03 1.699880000000000130e-04
6.315000000000000000e+03 1.685099999999999977e-04
6.316000000000000000e+03 1.670309999999999937e-04
6.317000000000000000e+03 1.655519999999999897e-04
6.318000000000000000e+03 1.640719999999999971e-04
6.319000000000000000e+03 1.625900000000000001e-04
6.320000000000000000e+03 1.611069999999999874e-04
6.321000000000000000e+03 1.596240000000000018e-04
6.322000000000000000e+03 1.581400000000000004e-04
6.323000000000000000e+03 1.566559999999999990e-04
6.324000000000000000e+03 1.551730000000000134e-04
6.325000000000000000e+03 1.536900000000000007e-04
6.326000000000000000e+03 1.522069999999999879e-04
6.327000000000000000e+03 1.507229999999999865e-04
6.328000000000000000e+03 1.492379999999999965e-04
6.329000000000000000e+03 1.477600000000000083e-04
6.330000000000000000e+03 1.462810000000000043e-04
6.331000000000000000e+03 1.448049999999999934e-04
6.332000000000000000e+03 1.433270000000000052e-04
6.333000000000000000e+03 1.418500000000000056e-04
6.334000000000000000e+03 1.403830000000000008e-04
6.335000000000000000e+03 1.389150000000000074e-04
6.336000000000000000e+03 1.374469999999999869e-04
6.337000000000000000e+03 1.359780000000000049e-04
6.338000000000000000e+03 1.345089999999999958e-04
6.339000000000000000e+03 1.330539999999999902e-04
6.340000000000000000e+03 1.316000000000000004e-04
6.341000000000000000e+03 1.301250000000000052e-04
6.342000000000000000e+03 1.286509999999999986e-04
6.343000000000000000e+03 1.271769999999999921e-04
6.344000000000000000e+03 1.257230000000000023e-04
6.345000000000000000e+03 1.242679999999999967e-04
6.346000000000000000e+03 1.228140000000000069e-04
6.347000000000000000e+03 1.213590000000000014e-04
6.348000000000000000e+03 1.199049999999999980e-04
6.349000000000000000e+03 1.184740000000000044e-04
6.350000000000000000e+03 1.170439999999999995e-04
6.351000000000000000e+03 1.156269999999999960e-04
6.352000000000000000e+03 1.142090000000000038e-04
6.353000000000000000e+03 1.127909999999999980e-04
6.354000000000000000e+03 1.114009999999999995e-04
6.355000000000000000e+03 1.100110000000000009e-04
6.356000000000000000e+03 1.086200000000000002e-04
6.357000000000000000e+03 1.072289999999999994e-04
6.358000000000000000e+03 1.058369999999999965e-04
6.359000000000000000e+03 1.044779999999999982e-04
6.360000000000000000e+03 1.031189999999999998e-04
6.361000000000000000e+03 1.017529999999999997e-04
6.362000000000000000e+03 1.003859999999999974e-04
6.363000000000000000e+03 9.902030000000000467e-05
6.364000000000000000e+03 9.769010000000000172e-05
6.365000000000000000e+03 9.635969999999999833e-05
6.366000000000000000e+03 9.502920000000000149e-05
6.367000000000000000e+03 9.369850000000000422e-05
6.368000000000000000e+03 9.236740000000000608e-05
6.369000000000000000e+03 9.107630000000000077e-05
6.370000000000000000e+03 8.978490000000000158e-05
6.371000000000000000e+03 8.850429999999999897e-05
6.372000000000000000e+03 8.722329999999999548e-05
6.373000000000000000e+03 8.594159999999999723e-05
6.374000000000000000e+03 8.470280000000000495e-05
6.375000000000000000e+03 8.346359999999999825e-05
6.376000000000000000e+03 8.222380000000000379e-05
6.377000000000000000e+03 8.098339999999999445e-05
6.378000000000000000e+03 7.974259999999999779e-05
6.379000000000000000e+03 7.854770000000000014e-05
6.380000000000000000e+03 7.735229999999999461e-05
6.381000000000000000e+03 7.615179999999999822e-05
6.382000000000000000e+03 7.495099999999999441e-05
6.383000000000000000e+03 7.374989999999999671e-05
6.384000000000000000e+03 7.259759999999999759e-05
6.385000000000000000e+03 7.144480000000000416e-05
6.386000000000000000e+03 7.029170000000000329e-05
6.387000000000000000e+03 6.913829999999999499e-05
6.388000000000000000e+03 6.798460000000000635e-05
6.389000000000000000e+03 6.688200000000000102e-05
