# FR656N
6.158000000000000000e+03 7.731439999999999960e-05
6.159000000000000000e+03 7.842679999999999931e-05
6.160000000000000000e+03 7.953939999999999947e-05
6.161000000000000000e+03 8.065980000000000317e-05
6.162000000000000000e+03 8.181750000000000058e-05
6.163000000000000000e+03 8.297570000000000585e-05
6.164000000000000000e+03 8.413429999999999845e-05
6.165000000000000000e+03 8.529330000000000548e-05
6.166000000000000000e+03 8.645290000000000028e-05
6.167000000000000000e+03 8.764710000000000317e-05
6.168000000000000000e+03 8.884189999999999384e-05
6.169000000000000000e+03 9.003720000000000592e-05
6.170000000000000000e+03 9.123299999999999878e-05
6.171000000000000000e+03 9.242760000000000255e-05
6.172000000000000000e+03 9.365439999999999562e-05
6.173000000000000000e+03 9.488160000000000311e-05
6.174000000000000000e+03 9.610930000000000493e-05
6.175000000000000000e+03 9.733750000000000106e-05
6.176000000000000000e+03 9.856589999999999763e-05
6.177000000000000000e+03 9.982419999999999878e-05
6.178000000000000000e+03 1.010829999999999943e-04
6.179000000000000000e+03 1.023420000000000037e-04
6.180000000000000000e+03 1.036009999999999996e-04
6.181000000000000000e+03 1.048589999999999933e-04
6.182000000000000000e+03 1.061440000000000056e-04
6.183000000000000000e+03 1.074290000000000043e-04
6.184000000000000000e+03 1.087140000000000030e-04
6.185000000000000000e+03 1.100000000000000039e-04
6.186000000000000000e+03 1.112869999999999935e-04
6.187000000000000000e+03 1.125960000000000041e-04
6.188000000000000000e+03 1.139070000000000056e-04
6.189000000000000000e+03 1.152170000000000050e-04
6.190000000000000000e+03 1.165280000000000065e-04
6.191000000000000000e+03 1.178430000000000032e-04
6.192000000000000000e+03 1.191780000000000031e-04
6.193000000000000000e+03 1.205140000000000052e-04
6.194000000000000000e+03 1.218499999999999938e-04
6.195000000000000000e+03 1.231869999999999981e-04
6.196000000000000000e+03 1.245239999999999889e-04
6.197000000000000000e+03 1.258780000000000033e-04
6.198000000000000000e+03 1.272330000000000065e-04
6.199000000000000000e+03 1.285880000000000096e-04
6.200000000000000000e+03 1.299440000000000013e-04
6.201000000000000000e+03 1.312850000000000009e-04
6.202000000000000000e+03 1.326389999999999882e-04
6.203000000000000000e+03 1.339930000000000027e-04
6.204000000000000000e+03 1.353469999999999901e-04
6.205000000000000000e+03 1.367019999999999932e-04
6.206000000000000000e+03 1.380569999999999963e-04
6.207000000000000000e+03 1.394210000000000056e-04
6.208000000000000000e+03 1.407869999999999922e-04
6.209000000000000000e+03 1.421519999999999902e-04
6.210000000000000000e+03 1.435169999999999881e-04
6.211000000000000000e+03 1.448839999999999904e-04
6.212000000000000000e+03 1.462570000000000059e-04
6.213000000000000000e+03 1.476310000000000100e-04
6.214000000000000000e+03 1.490039999999999984e-04
6.215000000000000000e+03 1.503780000000000026e-04
6.216000000000000000e+03 1.517520000000000067e-04
6.217000000000000000e+03 1.531290000000000038e-04
6.218000000000000000e+03 1.545069999999999896e-04
6.219000000000000000e+03 1.558850000000000025e-04
6.220000000000000000e+03 1.572629999999999883e-04
6.221000000000000000e+03 1.586579999999999978e-04
6.222000000000000000e+03 1.600530000000000073e-04
6.223000000000000000e+03 1.614499999999999941e-04
6.224000000000000000e+03 1.628450000000000036e-04
6.225000000000000000e+03 1.642419999999999904e-04
6.226000000000000000e+03 1.656399999999999930e-04
6.227000000000000000e+03 1.670339999999999867e-04
6.228000000000000000e+03 1.684289999999999963e-04
6.229000000000000000e+03 1.698249999999999944e-04
6.230000000000000000e+03 1.712209999999999926e-04
6.231000000000000000e+03 1.725999999999999941e-04
6.232000000000000000e+03 1.739739999999999982e-04
6.233000000000000000e+03 1.753469999999999866e-04
6.234000000000000000e+03 1.767209999999999907e-04
6.235000000000000000e+03 1.780960000000000106e-04
6.236000000000000000e+03 1.794699999999999876e-04
6.237000000000000000e+03 1.808350000000000127e-04
6.238000000000000000e+03 1.822009999999999992e-04
6.239000000000000000e+03 1.835680000000000016e-04
6.240000000000000000e+03 1.849329999999999995e-04
6.241000000000000000e+03 1.863099999999999967e-04
6.242000000000000000e+03 1.876749999999999946e-04
6.243000000000000000e+03 1.890399999999999925e-04
6.244000000000000000e+03 1.904049999999999905e-04
6.245000000000000000e+03 1.917719999999999928e-04
6.246000000000000000e+03 1.931380000000000065e-04
6.247000000000000000e+03 1.944910000000000052e-04
6.248000000000000000e+03 1.958440000000000040e-04
6.249000000000000000e+03 1.971970000000000027e-04
6.250000000000000000e+03 1.985509999999999901e-04
6.251000000000000000e+03 1.999000000000000072e-04
6.252000000000000000e+03 2.012340000000000049e-04
6.253000000000000000e+03 2.025680000000000026e-04
6.254000000000000000e+03 2.039010000000000117e-04
6.255000000000000000e+03 2.052359999999999981e-04
6.256000000000000000e+03 2.065710000000000116e-04
6.257000000000000000e+03 2.078880000000000127e-04
6.258000000000000000e+03 2.092049999999999867e-04
6.259000000000000000e+03 2.105219999999999878e-04
6.260000000000000000e+03 2.118400000000000046e-04
6.261000000000000000e+03 2.131640000000000076e-04
6.262000000000000000e+03 2.144690000000000095e-04
6.263000000000000000e+03 2.157750000000000000e-04
6.264000000000000000e+03 2.170809999999999905e-04
6.265000000000000000e+03 2.183859999999999925e-04
6.266000000000000000e+03 2.196929999999999987e-04
6.267000000000000000e+03 2.209799999999999883e-04
6.268000000000000000e+03 2.222659999999999892e-04
6.269000000000000000e+03 2.235539999999999945e-04
6.270000000000000000e+03 2.248410000000000111e-04
6.271000000000000000e+03 2.261449999999999973e-04
6.272000000000000000e+03 2.274289999999999938e-04
6.273000000000000000e+03 2.287129999999999903e-04
6.274000000000000000e+03 2.299980000000000026e-04
6.275000000000000000e+03 2.312829999999999877e-04
6.276000000000000000e+03 2.325689999999999886e-04
6.277000000000000000e+03 2.338349999999999999e-04
6.278000000000000000e+03 2.350999999999999954e-04
6.279000000000000000e+03 2.363660000000000067e-04
6.280000000000000000e+03 2.376330000000000066e-04
6.281000000000000000e+03 2.388679999999999905e-04
6.282000000000000000e+03 2.400830000000000119e-04
6.283000000000000000e+03 2.412969999999999904e-04
6.284000000000000000e+03 2.425120000000000118e-04
6.285000000000000000e+03 2.437270000000000061e-04
6.286000000000000000e+03 2.449420000000000004e-04
6.287000000000000000e+03 2.461380000000000208e-04
6.288000000000000000e+03 2.473339999999999870e-04
6.289000000000000000e+03 2.485310000000000232e-04
6.290000000000000000e+03 2.497269999999999894e-04
6.291000000000000000e+03 2.509300000000000115e-04
6.292000000000000000e+03 2.521169999999999987e-04
6.293000000000000000e+03 2.533030000000000242e-04
6.294000000000000000e+03 2.544900000000000113e-04
6.295000000000000000e+03 2.556769999999999985e-04
6.296000000000000000e+03 2.568639999999999856e-04
6.297000000000000000e+03 2.580360000000000075e-04
6.298000000000000000e+03 2.592089999999999911e-04
6.299000000000000000e+03 2.603819999999999746e-04
6.300000000000000000e+03 2.615550000000000123e-04
6.301000000000000000e+03 2.627250000000000028e-04
6.302000000000000000e+03 2.638849999999999985e-04
6.303000000000000000e+03 2.650449999999999941e-04
6.304000000000000000e+03 2.662039999999999741e-04
6.305000000000000000e+03 2.673649999999999855e-04
6.306000000000000000e+03 2.685240000000000196e-04
6.307000000000000000e+03 2.696789999999999908e-04
6.308000000000000000e+03 2.708340000000000161e-04
6.309000000000000000e+03 2.719889999999999873e-04
6.310000000000000000e+03 2.731440000000000127e-04
6.311000000000000000e+03 2.743180000000000119e-04
6.312000000000000000e+03 2.754939999999999885e-04
6.313000000000000000e+03 2.766690000000000035e-04
6.314000000000000000e+03 2.778449999999999800e-04
6.315000000000000000e+03 2.790220000000000265e-04
6.316000000000000000e+03 2.801990000000000188e-04
6.317000000000000000e+03 2.813860000000000059e-04
6.318000000000000000e+03 2.825729999999999930e-04
6.319000000000000000e+03 2.837609999999999959e-04
6.320000000000000000e+03 2.849479999999999830e-04
6.321000000000000000e+03 2.861359999999999858e-04
6.322000000000000000e+03 2.873449999999999941e-04
6.323000000000000000e+03 2.885540000000000023e-04
6.324000000000000000e+03 2.897640000000000263e-04
6.325000000000000000e+03 2.909739999999999961e-04
6.326000000000000000e+03 2.921840000000000201e-04
6.327000000000000000e+03 2.934300000000000146e-04
6.328000000000000000e+03 2.946760000000000091e-04
6.329000000000000000e+03 2.959230000000000194e-04
6.330000000000000000e+03 2.971690000000000139e-04
6.331000000000000000e+03 2.984230000000000259e-04
6.332000000000000000e+03 2.997289999999999894e-04
6.333000000000000000e+03 3.010360000000000228e-04
6.334000000000000000e+03 3.023430000000000019e-04
6.335000000000000000e+03 3.036509999999999969e-04
6.336000000000000000e+03 3.049589999999999918e-04
6.337000000000000000e+03 3.063450000000000222e-04
6.338000000000000000e+03 3.077309999999999985e-04
6.339000000000000000e+03 3.091169999999999747e-04
6.340000000000000000e+03 3.105040000000000209e-04
6.341000000000000000e+03 3.118460000000000090e-04
6.342000000000000000e+03 3.132950000000000014e-04
6.343000000000000000e+03 3.147439999999999938e-04
6.344000000000000000e+03 3.161940000000000020e-04
6.345000000000000000e+03 3.176429999999999944e-04
6.346000000000000000e+03 3.190919999999999868e-04
6.347000000000000000e+03 3.206880000000000169e-04
6.348000000000000000e+03 3.222829999999999770e-04
6.349000000000000000e+03 3.238779999999999914e-04
6.350000000000000000e+03 3.254730000000000058e-04
6.351000000000000000e+03 3.271060000000000222e-04
6.352000000000000000e+03 3.289349999999999804e-04
6.353000000000000000e+03 3.307639999999999929e-04
6.354000000000000000e+03 3.325940000000000211e-04
6.355000000000000000e+03 3.344239999999999951e-04
6.356000000000000000e+03 3.362549999999999849e-04
6.357000000000000000e+03 3.383470000000000184e-04
6.358000000000000000e+03 3.404370000000000204e-04
6.359000000000000000e+03 3.425309999999999770e-04
6.360000000000000000e+03 3.446230000000000105e-04
6.361000000000000000e+03 3.466969999999999774e-04
6.362000000000000000e+03 3.491160000000000097e-04
6.363000000000000000e+03 3.515349999999999877e-04
6.364000000000000000e+03 3.539549999999999814e-04
6.365000000000000000e+03 3.563740000000000137e-04
6.366000000000000000e+03 3.587950000000000232e-04
6.367000000000000000e+03 3.616720000000000026e-04
6.368000000000000000e+03 3.645489999999999820e-04
6.369000000000000000e+03 3.674279999999999929e-04
6.370000000000000000e+03 3.703059999999999880e-04
6.371000000000000000e+03 3.732310000000000185e-04
6.372000000000000000e+03 3.767630000000000111e-04
6.373000000000000000e+03 3.802960000000000194e-04
6.374000000000000000e+03 3.838299999999999893e-04
6.375000000000000000e+03 3.873659999999999907e-04
6.376000000000000000e+03 3.909030000000000078e-04
6.377000000000000000e+03 3.952450000000000147e-04
6.378000000000000000e+03 3.995889999999999989e-04
6.379000000000000000e+03 4.039339999999999988e-04
6.380000000000000000e+03 4.082819999999999917e-04
6.381000000000000000e+03 4.126059999999999862e-04
6.382000000000000000e+03 4.180030000000000160e-04
6.383000000000000000e+03 4.234020000000000231e-04
6.384000000000000000e+03 4.288030000000000075e-04
6.385000000000000000e+03 4.342039999999999919e-04
6.386000000000000000e+03 4.396070000000000077e-04
6.387000000000000000e+03 4.464480000000000054e-04
6.388000000000000000e+03 4.532909999999999804e-04
6.389000000000000000e+03 4.601359999999999869e-04
6.390000000000000000e+03 4.669820000000000091e-04
6.391000000000000000e+03 4.737979999999999926e-04
6.392000000000000000e+03 4.825499999999999928e-04
6.393000000000000000e+03 4.913040000000000245e-04
6.394000000000000000e+03 5.000579999999999479e-04
6.395000000000000000e+03 5.088129999999999953e-04
6.396000000000000000e+03 5.175709999999999816e-04
6.397000000000000000e+03 5.289560000000000225e-04
6.398000000000000000e+03 5.403429999999999865e-04
6.399000000000000000e+03 5.517309999999999662e-04
6.400000000000000000e+03 5.631230000000000090e-04
6.401000000000000000e+03 5.745210000000000377e-04
6.402000000000000000e+03 5.895170000000000141e-04
6.403000000000000000e+03 6.045160000000000377e-04
6.404000000000000000e+03 6.195169999999999844e-04
6.405000000000000000e+03 6.345199999999999625e-04
6.406000000000000000e+03 6.495270000000000037e-04
6.407000000000000000e+03 6.694999999999999563e-04
6.408000000000000000e+03 6.894769999999999718e-04
6.409000000000000000e+03 7.094539999999999874e-04
6.410000000000000000e+03 7.294359999999999733e-04
6.411000000000000000e+03 7.494729999999999578e-04
6.412000000000000000e+03 7.764370000000000473e-04
6.413000000000000000e+03 8.034109999999999689e-04
6.414000000000000000e+03 8.303920000000000008e-04
6.415000000000000000e+03 8.573829999999999733e-04
6.416000000000000000e+03 8.843780000000000087e-04
6.417000000000000000e+03 9.211420000000000111e-04
6.418000000000000000e+03 9.579169999999999699e-04
6.419000000000000000e+03 9.947020000000000861e-04
6.420000000000000000e+03 1.031500000000000082e-03
6.421000000000000000e+03 1.068149999999999916e-03
6.422000000000000000e+03 1.118700000000000033e-03
6.423000000000000000e+03 1.169249999999999933e-03
6.424000000000000000e+03 1.219809999999999992e-03
6.425000000000000000e+03 1.270359999999999892e-03
6.426000000000000000e+03 1.320910000000000009e-03
6.427000000000000000e+03 1.391520000000000040e-03
6.428000000000000000e+03 1.462130000000000070e-03
6.429000000000000000e+03 1.532740000000000101e-03
6.430000000000000000e+03 1.603349999999999914e-03
6.431000000000000000e+03 1.674029999999999963e-03
6.432000000000000000e+03 1.774020000000000067e-03
6.433000000000000000e+03 1.874019999999999896e-03
6.434000000000000000e+03 1.974029999999999882e-03
6.435000000000000000e+03 2.074040000000000085e-03
6.436000000000000000e+03 2.174070000000000169e-03
6.437000000000000000e+03 2.317500000000000115e-03
6.438000000000000000e+03 2.460940000000000003e-03
6.439000000000000000e+03 2.604389999999999830e-03
6.440000000000000000e+03 2.747859999999999973e-03
6.441000000000000000e+03 2.891379999999999818e-03
6.442000000000000000e+03 3.100100000000000165e-03
6.443000000000000000e+03 3.308849999999999899e-03
6.444000000000000000e+03 3.517619999999999948e-03
6.445000000000000000e+03 3.726409999999999879e-03
6.446000000000000000e+03 3.935239999999999572e-03
6.447000000000000000e+03 4.243410000000000411e-03
6.448000000000000000e+03 4.551610000000000204e-03
6.449000000000000000e+03 4.859859999999999701e-03
6.450000000000000000e+03 5.168149999999999827e-03
6.451000000000000000e+03 5.476570000000000049e-03
6.452000000000000000e+03 5.938559999999999846e-03
6.453000000000000000e+03 6.400610000000000153e-03
6.454000000000000000e+03 6.862720000000000105e-03
6.455000000000000000e+03 7.324950000000000211e-03
6.456000000000000000e+03 7.787220000000000079e-03
6.457000000000000000e+03 8.489800000000000471e-03
6.458000000000000000e+03 9.192509999999999223e-03
6.459000000000000000e+03 9.895330000000000792e-03
6.460000000000000000e+03 1.059820000000000033e-02
6.461000000000000000e+03 1.129989999999999988e-02
6.462000000000000000e+03 1.238090000000000024e-02
6.463000000000000000e+03 1.346179999999999946e-02
6.464000000000000000e+03 1.454259999999999928e-02
6.465000000000000000e+03 1.562340000000000083e-02
6.466000000000000000e+03 1.670400000000000010e-02
6.467000000000000000e+03 1.838539999999999966e-02
6.468000000000000000e+03 2.006669999999999981e-02
6.469000000000000000e+03 2.174780000000000116e-02
6.470000000000000000e+03 2.342879999999999963e-02
6.471000000000000000e+03 2.511309999999999931e-02
6.472000000000000000e+03 2.774060000000000067e-02
6.473000000000000000e+03 3.036849999999999966e-02
6.474000000000000000e+03 3.299690000000000262e-02
6.475000000000000000e+03 3.562590000000000201e-02
6.476000000000000000e+03 3.825529999999999903e-02
6.477000000000000000e+03 4.231789999999999857e-02
6.478000000000000000e+03 4.638130000000000031e-02
6.479000000000000000e+03 5.044540000000000135e-02
6.480000000000000000e+03 5.451040000000000052e-02
6.481000000000000000e+03 5.856949999999999656e-02
6.482000000000000000e+03 6.465179999999999538e-02
6.483000000000000000e+03 7.073369999999999658e-02
6.484000000000000000e+03 7.681530000000000302e-02
6.485000000000000000e+03 8.289699999999999847e-02
6.486000000000000000e+03 8.897819999999999341e-02
6.487000000000000000e+03 9.752669999999999395e-02
6.488000000000000000e+03 1.060750000000000026e-01
6.489000000000000000e+03 1.146230000000000027e-01
6.490000000000000000e+03 1.231700000000000017e-01
6.491000000000000000e+03 1.317250000000000087e-01
6.492000000000000000e+03 1.425260000000000138e-01
6.493000000000000000e+03 1.533259999999999901e-01
6.494000000000000000e+03 1.641289999999999971e-01
6.495000000000000000e+03 1.749320000000000042e-01
6.496000000000000000e+03 1.857360000000000122e-01
6.497000000000000000e+03 1.974239999999999884e-01
6.498000000000000000e+03 2.091139999999999943e-01
6.499000000000000000e+03 2.208050000000000013e-01
6.500000000000000000e+03 2.324960000000000082e-01
6.501000000000000000e+03 2.442020000000000024e-01
6.502000000000000000e+03 2.546629999999999727e-01
6.503000000000000000e+03 2.651259999999999728e-01
6.504000000000000000e+03 2.755920000000000036e-01
6.505000000000000000e+03 2.860599999999999810e-01
6.506000000000000000e+03 2.965289999999999870e-01
6.507000000000000000e+03 3.041590000000000127e-01
6.508000000000000000e+03 3.117889999999999828e-01
6.509000000000000000e+03 3.194199999999999817e-01
6.510000000000000000e+03 3.270540000000000114e-01
6.511000000000000000e+03 3.346649999999999903e-01
6.512000000000000000e+03 3.392359999999999820e-01
6.513000000000000000e+03 3.438069999999999737e-01
6.514000000000000000e+03 3.483780000000000210e-01
6.515000000000000000e+03 3.529499999999999860e-01
6.516000000000000000e+03 3.575209999999999777e-01
6.517000000000000000e+03 3.598419999999999952e-01
6.518000000000000000e+03 3.621619999999999839e-01
6.519000000000000000e+03 3.644839999999999747e-01
6.520000000000000000e+03 3.668049999999999922e-01
6.521000000000000000e+03 3.691010000000000124e-01
6.522000000000000000e+03 3.700919999999999765e-01
6.523000000000000000e+03 3.710829999999999962e-01
6.524000000000000000e+03 3.720729999999999871e-01
6.525000000000000000e+03 3.730640000000000067e-01
6.526000000000000000e+03 3.740550000000000264e-01
6.527000000000000000e+03 3.744149999999999978e-01
6.528000000000000000e+03 3.747759999999999980e-01
6.529000000000000000e+03 3.751360000000000250e-01
6.530000000000000000e+03 3.754970000000000252e-01
6.531000000000000000e+03 3.758770000000000167e-01
6.532000000000000000e+03 3.759979999999999989e-01
6.533000000000000000e+03 3.761200000000000099e-01
6.534000000000000000e+03 3.762409999999999921e-01
6.535000000000000000e+03 3.763619999999999743e-01
6.536000000000000000e+03 3.764830000000000121e-01
6.537000000000000000e+03 3.765169999999999906e-01
6.538000000000000000e+03 3.765499999999999958e-01
6.539000000000000000e+03 3.765839999999999743e-01
6.540000000000000000e+03 3.766160000000000063e-01
6.541000000000000000e+03 3.767130000000000201e-01
6.542000000000000000e+03 3.767860000000000098e-01
6.543000000000000000e+03 3.768599999999999728e-01
6.544000000000000000e+03 3.769319999999999893e-01
6.545000000000000000e+03 3.770060000000000078e-01
6.546000000000000000e+03 3.770780000000000243e-01
6.547000000000000000e+03 3.771470000000000100e-01
6.548000000000000000e+03 3.772150000000000225e-01
6.549000000000000000e+03 3.772840000000000082e-01
6.550000000000000000e+03 3.773509999999999920e-01
6.551000000000000000e+03 3.773449999999999860e-01
6.552000000000000000e+03 3.773360000000000047e-01
6.553000000000000000e+03 3.773279999999999967e-01
6.554000000000000000e+03 3.773210000000000175e-01
6.555000000000000000e+03 3.773130000000000095e-01
6.556000000000000000e+03 3.773039999999999727e-01
6.557000000000000000e+03 3.772969999999999935e-01
6.558000000000000000e+03 3.772880000000000122e-01
6.559000000000000000e+03 3.772809999999999775e-01
6.560000000000000000e+03 3.772730000000000250e-01
6.561000000000000000e+03 3.773119999999999807e-01
6.562000000000000000e+03 3.773489999999999900e-01
6.563000000000000000e+03 3.773880000000000012e-01
6.564000000000000000e+03 3.774270000000000125e-01
6.565000000000000000e+03 3.774649999999999950e-01
6.566000000000000000e+03 3.775040000000000062e-01
6.567000000000000000e+03 3.775419999999999887e-01
6.568000000000000000e+03 3.775789999999999980e-01
6.569000000000000000e+03 3.776180000000000092e-01
6.570000000000000000e+03 3.776570000000000205e-01
6.571000000000000000e+03 3.776510000000000145e-01
6.572000000000000000e+03 3.776410000000000045e-01
6.573000000000000000e+03 3.776340000000000252e-01
6.574000000000000000e+03 3.776260000000000172e-01
6.575000000000000000e+03 3.776189999999999825e-01
6.576000000000000000e+03 3.776100000000000012e-01
6.577000000000000000e+03 3.775930000000000120e-01
6.578000000000000000e+03 3.775740000000000207e-01
6.579000000000000000e+03 3.775560000000000027e-01
6.580000000000000000e+03 3.775370000000000115e-01
6.581000000000000000e+03 3.775450000000000195e-01
6.582000000000000000e+03 3.775069999999999815e-01
6.583000000000000000e+03 3.774700000000000277e-01
6.584000000000000000e+03 3.774330000000000185e-01
6.585000000000000000e+03 3.773960000000000092e-01
6.586000000000000000e+03 3.773590000000000000e-01
6.587000000000000000e+03 3.771789999999999865e-01
6.588000000000000000e+03 3.770000000000000018e-01
6.589000000000000000e+03 3.768210000000000170e-01
6.590000000000000000e+03 3.766410000000000036e-01
6.591000000000000000e+03 3.764540000000000108e-01
6.592000000000000000e+03 3.758839999999999959e-01
6.593000000000000000e+03 3.753150000000000097e-01
6.594000000000000000e+03 3.747460000000000235e-01
6.595000000000000000e+03 3.741769999999999818e-01
6.596000000000000000e+03 3.736090000000000244e-01
6.597000000000000000e+03 3.721749999999999781e-01
6.598000000000000000e+03 3.707420000000000160e-01
6.599000000000000000e+03 3.693089999999999984e-01
6.600000000000000000e+03 3.678750000000000075e-01
6.601000000000000000e+03 3.664600000000000080e-01
6.602000000000000000e+03 3.633859999999999868e-01
6.603000000000000000e+03 3.603120000000000211e-01
6.604000000000000000e+03 3.572370000000000267e-01
6.605000000000000000e+03 3.541619999999999768e-01
6.606000000000000000e+03 3.510860000000000092e-01
6.607000000000000000e+03 3.454010000000000136e-01
6.608000000000000000e+03 3.397149999999999892e-01
6.609000000000000000e+03 3.340279999999999916e-01
6.610000000000000000e+03 3.283409999999999940e-01
6.611000000000000000e+03 3.226260000000000239e-01
6.612000000000000000e+03 3.137960000000000194e-01
6.613000000000000000e+03 3.049660000000000148e-01
6.614000000000000000e+03 2.961360000000000103e-01
6.615000000000000000e+03 2.873069999999999791e-01
6.616000000000000000e+03 2.784780000000000033e-01
6.617000000000000000e+03 2.672599999999999976e-01
6.618000000000000000e+03 2.560419999999999918e-01
6.619000000000000000e+03 2.448249999999999871e-01
6.620000000000000000e+03 2.336080000000000101e-01
6.621000000000000000e+03 2.223960000000000103e-01
6.622000000000000000e+03 2.107519999999999949e-01
6.623000000000000000e+03 1.991080000000000072e-01
6.624000000000000000e+03 1.874639999999999918e-01
6.625000000000000000e+03 1.758200000000000041e-01
6.626000000000000000e+03 1.641749999999999876e-01
6.627000000000000000e+03 1.540910000000000057e-01
6.628000000000000000e+03 1.440059999999999951e-01
6.629000000000000000e+03 1.339210000000000123e-01
6.630000000000000000e+03 1.238350000000000006e-01
6.631000000000000000e+03 1.137530000000000069e-01
6.632000000000000000e+03 1.061549999999999994e-01
6.633000000000000000e+03 9.855619999999999659e-02
6.634000000000000000e+03 9.095720000000000194e-02
6.635000000000000000e+03 8.335760000000000391e-02
6.636000000000000000e+03 7.575740000000000252e-02
6.637000000000000000e+03 7.052390000000000048e-02
6.638000000000000000e+03 6.529010000000000369e-02
6.639000000000000000e+03 6.005590000000000234e-02
6.640000000000000000e+03 5.482130000000000336e-02
6.641000000000000000e+03 4.958549999999999763e-02
6.642000000000000000e+03 4.615199999999999858e-02
6.643000000000000000e+03 4.271849999999999953e-02
6.644000000000000000e+03 3.928480000000000166e-02
6.645000000000000000e+03 3.585100000000000092e-02
6.646000000000000000e+03 3.241700000000000137e-02
6.647000000000000000e+03 3.021070000000000005e-02
6.648000000000000000e+03 2.800429999999999933e-02
6.649000000000000000e+03 2.579779999999999920e-02
6.650000000000000000e+03 2.359110000000000026e-02
6.651000000000000000e+03 2.138330000000000092e-02
6.652000000000000000e+03 1.996890000000000123e-02
6.653000000000000000e+03 1.855450000000000155e-02
6.654000000000000000e+03 1.714020000000000127e-02
6.655000000000000000e+03 1.572600000000000040e-02
6.656000000000000000e+03 1.431190000000000066e-02
6.657000000000000000e+03 1.339989999999999931e-02
6.658000000000000000e+03 1.248789999999999970e-02
6.659000000000000000e+03 1.157590000000000008e-02
6.660000000000000000e+03 1.066409999999999927e-02
6.661000000000000000e+03 9.753529999999999839e-03
6.662000000000000000e+03 9.159669999999999965e-03
6.663000000000000000e+03 8.565680000000000863e-03
6.664000000000000000e+03 7.971570000000000739e-03
6.665000000000000000e+03 7.377329999999999652e-03
6.666000000000000000e+03 6.782970000000000145e-03
6.667000000000000000e+03 6.389839999999999930e-03
6.668000000000000000e+03 5.996640000000000130e-03
6.669000000000000000e+03 5.603340000000000057e-03
6.670000000000000000e+03 5.209980000000000340e-03
6.671000000000000000e+03 4.815739999999999778e-03
6.672000000000000000e+03 4.550919999999999965e-03
6.673000000000000000e+03 4.286139999999999915e-03
6.674000000000000000e+03 4.021379999999999746e-03
6.675000000000000000e+03 3.756649999999999833e-03
6.676000000000000000e+03 3.491960000000000116e-03
6.677000000000000000e+03 3.311489999999999833e-03
6.678000000000000000e+03 3.131039999999999865e-03
6.679000000000000000e+03 2.950620000000000152e-03
6.680000000000000000e+03 2.770219999999999887e-03
6.681000000000000000e+03 2.590219999999999849e-03
6.682000000000000000e+03 2.465779999999999882e-03
6.683000000000000000e+03 2.341329999999999974e-03
6.684000000000000000e+03 2.216849999999999810e-03
6.685000000000000000e+03 2.092350000000000199e-03
6.686000000000000000e+03 1.967829999999999840e-03
6.687000000000000000e+03 1.880549999999999930e-03
6.688000000000000000e+03 1.793249999999999922e-03
6.689000000000000000e+03 1.705939999999999974e-03
6.690000000000000000e+03 1.618609999999999927e-03
6.691000000000000000e+03 1.531170000000000100e-03
6.692000000000000000e+03 1.469040000000000016e-03
6.693000000000000000e+03 1.406899999999999991e-03
6.694000000000000000e+03 1.344769999999999906e-03
6.695000000000000000e+03 1.282630000000000098e-03
6.696000000000000000e+03 1.220490000000000073e-03
6.697000000000000000e+03 1.175770000000000027e-03
6.698000000000000000e+03 1.131049999999999981e-03
6.699000000000000000e+03 1.086329999999999935e-03
6.700000000000000000e+03 1.041610000000000105e-03
6.701000000000000000e+03 9.968240000000001041e-04
6.702000000000000000e+03 9.641909999999999847e-04
6.703000000000000000e+03 9.315610000000000210e-04
6.704000000000000000e+03 8.989319999999999646e-04
6.705000000000000000e+03 8.663059999999999554e-04
6.706000000000000000e+03 8.336840000000000092e-04
6.707000000000000000e+03 8.096289999999999694e-04
6.708000000000000000e+03 7.855790000000000082e-04
6.709000000000000000e+03 7.615270000000000155e-04
6.710000000000000000e+03 7.374789999999999774e-04
6.711000000000000000e+03 7.135379999999999978e-04
6.712000000000000000e+03 6.957009999999999583e-04
6.713000000000000000e+03 6.778630000000000115e-04
6.714000000000000000e+03 6.600179999999999545e-04
6.715000000000000000e+03 6.421709999999999745e-04
6.716000000000000000e+03 6.243180000000000084e-04
6.717000000000000000e+03 6.108659999999999481e-04
6.718000000000000000e+03 5.974119999999999648e-04
6.719000000000000000e+03 5.839540000000000269e-04
6.720000000000000000e+03 5.704930000000000417e-04
6.721000000000000000e+03 5.569810000000000125e-04
6.722000000000000000e+03 5.466719999999999999e-04
6.723000000000000000e+03 5.363619999999999716e-04
6.724000000000000000e+03 5.260520000000000517e-04
6.725000000000000000e+03 5.157410000000000076e-04
6.726000000000000000e+03 5.054299999999999635e-04
6.727000000000000000e+03 4.974699999999999652e-04
6.728000000000000000e+03 4.895089999999999511e-04
6.729000000000000000e+03 4.815479999999999912e-04
6.730000000000000000e+03 4.735869999999999772e-04
6.731000000000000000e+03 4.655859999999999838e-04
6.732000000000000000e+03 4.593260000000000268e-04
6.733000000000000000e+03 4.530660000000000156e-04
6.734000000000000000e+03 4.468070000000000201e-04
6.735000000000000000e+03 4.405470000000000089e-04
6.736000000000000000e+03 4.342889999999999750e-04
6.737000000000000000e+03 4.293249999999999866e-04
6.738000000000000000e+03 4.243609999999999982e-04
6.739000000000000000e+03 4.193980000000000256e-04
6.740000000000000000e+03 4.144349999999999987e-04
6.741000000000000000e+03 4.094939999999999930e-04
6.742000000000000000e+03 4.055199999999999799e-04
6.743000000000000000e+03 4.015450000000000052e-04
6.744000000000000000e+03 3.975730000000000236e-04
6.745000000000000000e+03 3.935990000000000105e-04
6.746000000000000000e+03 3.896260000000000131e-04
6.747000000000000000e+03 3.863790000000000085e-04
6.748000000000000000e+03 3.831349999999999968e-04
6.749000000000000000e+03 3.798879999999999922e-04
6.750000000000000000e+03 3.766420000000000033e-04
6.751000000000000000e+03 3.734330000000000006e-04
6.752000000000000000e+03 3.707720000000000070e-04
6.753000000000000000e+03 3.681089999999999818e-04
6.754000000000000000e+03 3.654479999999999881e-04
6.755000000000000000e+03 3.627840000000000014e-04
6.756000000000000000e+03 3.601209999999999763e-04
6.757000000000000000e+03 3.578720000000000187e-04
6.758000000000000000e+03 3.556230000000000068e-04
6.759000000000000000e+03 3.533729999999999792e-04
6.760000000000000000e+03 3.511230000000000059e-04
6.761000000000000000e+03 3.487990000000000057e-04
6.762000000000000000e+03 3.467880000000000008e-04
6.763000000000000000e+03 3.447789999999999731e-04
6.764000000000000000e+03 3.427689999999999839e-04
6.765000000000000000e+03 3.407600000000000104e-04
6.766000000000000000e+03 3.387519999999999984e-04
6.767000000000000000e+03 3.369800000000000161e-04
6.768000000000000000e+03 3.352079999999999795e-04
6.769000000000000000e+03 3.334370000000000129e-04
6.770000000000000000e+03 3.316670000000000078e-04
6.771000000000000000e+03 3.299479999999999926e-04
6.772000000000000000e+03 3.284070000000000153e-04
6.773000000000000000e+03 3.268650000000000223e-04
6.774000000000000000e+03 3.253220000000000135e-04
6.775000000000000000e+03 3.237809999999999820e-04
6.776000000000000000e+03 3.222379999999999732e-04
6.777000000000000000e+03 3.208279999999999986e-04
6.778000000000000000e+03 3.194159999999999925e-04
6.779000000000000000e+03 3.180039999999999863e-04
6.780000000000000000e+03 3.165929999999999959e-04
6.781000000000000000e+03 3.151769999999999810e-04
6.782000000000000000e+03 3.138570000000000140e-04
6.783000000000000000e+03 3.125369999999999928e-04
6.784000000000000000e+03 3.112170000000000257e-04
6.785000000000000000e+03 3.098970000000000045e-04
6.786000000000000000e+03 3.085760000000000217e-04
6.787000000000000000e+03 3.073250000000000027e-04
6.788000000000000000e+03 3.060720000000000064e-04
6.789000000000000000e+03 3.048200000000000258e-04
6.790000000000000000e+03 3.035669999999999753e-04
6.791000000000000000e+03 3.022990000000000139e-04
6.792000000000000000e+03 3.010770000000000178e-04
6.793000000000000000e+03 2.998540000000000059e-04
6.794000000000000000e+03 2.986320000000000099e-04
6.795000000000000000e+03 2.974109999999999753e-04
6.796000000000000000e+03 2.961889999999999792e-04
6.797000000000000000e+03 2.949970000000000218e-04
6.798000000000000000e+03 2.938050000000000102e-04
6.799000000000000000e+03 2.926129999999999985e-04
6.800000000000000000e+03 2.914209999999999869e-04
6.801000000000000000e+03 2.902269999999999980e-04
6.802000000000000000e+03 2.890489999999999900e-04
6.803000000000000000e+03 2.878719999999999977e-04
6.804000000000000000e+03 2.866950000000000054e-04
6.805000000000000000e+03 2.855169999999999974e-04
6.806000000000000000e+03 2.843400000000000051e-04
6.807000000000000000e+03 2.831689999999999988e-04
6.808000000000000000e+03 2.819979999999999926e-04
6.809000000000000000e+03 2.808269999999999864e-04
6.810000000000000000e+03 2.796559999999999801e-04
6.811000000000000000e+03 2.784759999999999948e-04
6.812000000000000000e+03 2.772939999999999780e-04
6.813000000000000000e+03 2.761120000000000154e-04
6.814000000000000000e+03 2.749310000000000143e-04
6.815000000000000000e+03 2.737500000000000133e-04
6.816000000000000000e+03 2.725690000000000122e-04
6.817000000000000000e+03 2.713799999999999936e-04
6.818000000000000000e+03 2.701900000000000135e-04
6.819000000000000000e+03 2.690009999999999949e-04
6.820000000000000000e+03 2.678119999999999763e-04
6.821000000000000000e+03 2.666459999999999946e-04
6.822000000000000000e+03 2.654670000000000250e-04
6.823000000000000000e+03 2.642869999999999855e-04
6.824000000000000000e+03 2.631080000000000159e-04
6.825000000000000000e+03 2.619289999999999921e-04
6.826000000000000000e+03 2.607490000000000068e-04
6.827000000000000000e+03 2.595529999999999864e-04
6.828000000000000000e+03 2.583570000000000202e-04
6.829000000000000000e+03 2.571609999999999998e-04
6.830000000000000000e+03 2.559640000000000179e-04
6.831000000000000000e+03 2.547620000000000114e-04
6.832000000000000000e+03 2.535409999999999769e-04
6.833000000000000000e+03 2.523199999999999965e-04
6.834000000000000000e+03 2.510990000000000162e-04
6.835000000000000000e+03 2.498779999999999816e-04
6.836000000000000000e+03 2.486570000000000013e-04
6.837000000000000000e+03 2.474150000000000156e-04
6.838000000000000000e+03 2.461739999999999914e-04
6.839000000000000000e+03 2.449309999999999899e-04
6.840000000000000000e+03 2.436899999999999928e-04
6.841000000000000000e+03 2.424270000000000016e-04
6.842000000000000000e+03 2.411419999999999894e-04
6.843000000000000000e+03 2.398570000000000042e-04
6.844000000000000000e+03 2.385730000000000077e-04
6.845000000000000000e+03 2.372890000000000112e-04
6.846000000000000000e+03 2.360049999999999876e-04
6.847000000000000000e+03 2.347000000000000128e-04
6.848000000000000000e+03 2.333950000000000109e-04
6.849000000000000000e+03 2.320909999999999976e-04
6.850000000000000000e+03 2.307859999999999957e-04
6.851000000000000000e+03 2.294999999999999948e-04
6.852000000000000000e+03 2.281919999999999999e-04
6.853000000000000000e+03 2.268849999999999936e-04
6.854000000000000000e+03 2.255779999999999873e-04
6.855000000000000000e+03 2.242699999999999924e-04
6.856000000000000000e+03 2.229619999999999974e-04
6.857000000000000000e+03 2.216350000000000015e-04
6.858000000000000000e+03 2.203069999999999898e-04
6.859000000000000000e+03 2.189799999999999939e-04
6.860000000000000000e+03 2.176529999999999979e-04
6.861000000000000000e+03 2.163389999999999899e-04
6.862000000000000000e+03 2.150060000000000079e-04
6.863000000000000000e+03 2.136729999999999988e-04
6.864000000000000000e+03 2.123399999999999897e-04
6.865000000000000000e+03 2.110059999999999920e-04
6.866000000000000000e+03 2.096730000000000100e-04
6.867000000000000000e+03 2.083219999999999885e-04
6.868000000000000000e+03 2.069709999999999942e-04
6.869000000000000000e+03 2.056199999999999998e-04
6.870000000000000000e+03 2.042679999999999897e-04
6.871000000000000000e+03 2.029020000000000031e-04
6.872000000000000000e+03 2.015189999999999928e-04
6.873000000000000000e+03 2.001369999999999983e-04
6.874000000000000000e+03 1.987559999999999924e-04
6.875000000000000000e+03 1.973739999999999978e-04
6.876000000000000000e+03 1.959920000000000032e-04
6.877000000000000000e+03 1.945980000000000095e-04
6.878000000000000000e+03 1.932030000000000000e-04
6.879000000000000000e+03 1.918079999999999904e-04
6.880000000000000000e+03 1.904139999999999967e-04
6.881000000000000000e+03 1.890250000000000003e-04
6.882000000000000000e+03 1.876249999999999934e-04
6.883000000000000000e+03 1.862249999999999865e-04
6.884000000000000000e+03 1.848250000000000066e-04
6.885000000000000000e+03 1.834259999999999884e-04
6.886000000000000000e+03 1.820260000000000085e-04
6.887000000000000000e+03 1.806189999999999998e-04
6.888000000000000000e+03 1.792110000000000025e-04
6.889000000000000000e+03 1.778030000000000051e-04
6.890000000000000000e+03 1.763959999999999964e-04
6.891000000000000000e+03 1.749789999999999928e-04
6.892000000000000000e+03 1.735569999999999919e-04
6.893000000000000000e+03 1.721349999999999909e-04
6.894000000000000000e+03 1.707140000000000057e-04
6.895000000000000000e+03 1.692920000000000048e-04
6.896000000000000000e+03 1.678709999999999924e-04
6.897000000000000000e+03 1.664489999999999915e-04
6.898000000000000000e+03 1.650260000000000019e-04
6.899000000000000000e+03 1.636040000000000009e-04
6.900000000000000000e+03 1.621820000000000000e-04
6.901000000000000000e+03 1.607640000000000078e-04
6.902000000000000000e+03 1.593479999999999929e-04
6.903000000000000000e+03 1.579320000000000051e-04
6.904000000000000000e+03 1.565159999999999902e-04
6.905000000000000000e+03 1.551000000000000024e-04
6.906000000000000000e+03 1.536839999999999875e-04
6.907000000000000000e+03 1.522740000000000129e-04
6.908000000000000000e+03 1.508640000000000111e-04
6.909000000000000000e+03 1.494540000000000094e-04
6.910000000000000000e+03 1.480429999999999919e-04
6.911000000000000000e+03 1.466550000000000113e-04
6.912000000000000000e+03 1.452749999999999940e-04
6.913000000000000000e+03 1.438939999999999881e-04
6.914000000000000000e+03 1.425139999999999979e-04
6.915000000000000000e+03 1.411320000000000033e-04
6.916000000000000000e+03 1.397509999999999974e-04
6.917000000000000000e+03 1.383810000000000021e-04
6.918000000000000000e+03 1.370110000000000067e-04
6.919000000000000000e+03 1.356399999999999956e-04
6.920000000000000000e+03 1.342690000000000116e-04
6.921000000000000000e+03 1.328769999999999951e-04
6.922000000000000000e+03 1.314999999999999980e-04
6.923000000000000000e+03 1.301230000000000008e-04
6.924000000000000000e+03 1.287460000000000037e-04
6.925000000000000000e+03 1.273690000000000065e-04
6.926000000000000000e+03 1.259929999999999980e-04
6.927000000000000000e+03 1.246350000000000019e-04
6.928000000000000000e+03 1.232770000000000057e-04
6.929000000000000000e+03 1.219199999999999982e-04
6.930000000000000000e+03 1.205630000000000043e-04
6.931000000000000000e+03 1.192009999999999993e-04
6.932000000000000000e+03 1.178620000000000042e-04
6.933000000000000000e+03 1.165229999999999955e-04
6.934000000000000000e+03 1.151840000000000004e-04
6.935000000000000000e+03 1.138459999999999939e-04
6.936000000000000000e+03 1.125080000000000009e-04
6.937000000000000000e+03 1.111949999999999950e-04
6.938000000000000000e+03 1.098820000000000027e-04
6.939000000000000000e+03 1.085699999999999990e-04
6.940000000000000000e+03 1.072579999999999953e-04
6.941000000000000000e+03 1.059590000000000065e-04
6.942000000000000000e+03 1.046890000000000000e-04
6.943000000000000000e+03 1.034180000000000049e-04
6.944000000000000000e+03 1.021479999999999985e-04
6.945000000000000000e+03 1.008770000000000033e-04
6.946000000000000000e+03 9.960599999999999467e-05
6.947000000000000000e+03 9.836669999999999453e-05
6.948000000000000000e+03 9.712699999999999351e-05
6.949000000000000000e+03 9.588769999999999336e-05
6.950000000000000000e+03 9.464780000000000545e-05
6.951000000000000000e+03 9.339269999999999777e-05
6.952000000000000000e+03 9.217199999999999775e-05
6.953000000000000000e+03 9.095169999999999861e-05
6.954000000000000000e+03 8.973169999999999335e-05
6.955000000000000000e+03 8.851210000000000252e-05
6.956000000000000000e+03 8.729269999999999857e-05
6.957000000000000000e+03 8.611060000000000188e-05
6.958000000000000000e+03 8.492899999999999950e-05
6.959000000000000000e+03 8.374750000000000412e-05
6.960000000000000000e+03 8.256619999999999563e-05
6.961000000000000000e+03 8.138739999999999939e-05
6.962000000000000000e+03 8.024790000000000124e-05
6.963000000000000000e+03 7.910889999999999741e-05
6.964000000000000000e+03 7.797000000000000057e-05
6.965000000000000000e+03 7.683130000000000417e-05
6.966000000000000000e+03 7.569299999999999510e-05
