# FR716N
6.720000000000000000e+03 7.938149999999999883e-05
6.721000000000000000e+03 8.043100000000000293e-05
6.722000000000000000e+03 8.148049999999999347e-05
6.723000000000000000e+03 8.253010000000000456e-05
6.724000000000000000e+03 8.361219999999999883e-05
6.725000000000000000e+03 8.469449999999999353e-05
6.726000000000000000e+03 8.577700000000000222e-05
6.727000000000000000e+03 8.685949999999999737e-05
6.728000000000000000e+03 8.794189999999999906e-05
6.729000000000000000e+03 8.905539999999999442e-05
6.730000000000000000e+03 9.016879999999999633e-05
6.731000000000000000e+03 9.127479999999999556e-05
6.732000000000000000e+03 9.238090000000000180e-05
6.733000000000000000e+03 9.348679999999999404e-05
6.734000000000000000e+03 9.462140000000000177e-05
6.735000000000000000e+03 9.575570000000000208e-05
6.736000000000000000e+03 9.688989999999999539e-05
6.737000000000000000e+03 9.802410000000000225e-05
6.738000000000000000e+03 9.915820000000000211e-05
6.739000000000000000e+03 1.003189999999999995e-04
6.740000000000000000e+03 1.014789999999999952e-04
6.741000000000000000e+03 1.026450000000000040e-04
6.742000000000000000e+03 1.038099999999999971e-04
6.743000000000000000e+03 1.049750000000000037e-04
6.744000000000000000e+03 1.061659999999999996e-04
6.745000000000000000e+03 1.073550000000000047e-04
6.746000000000000000e+03 1.085449999999999984e-04
6.747000000000000000e+03 1.097350000000000056e-04
6.748000000000000000e+03 1.109249999999999993e-04
6.749000000000000000e+03 1.121359999999999984e-04
6.750000000000000000e+03 1.133479999999999996e-04
6.751000000000000000e+03 1.145709999999999979e-04
6.752000000000000000e+03 1.157939999999999962e-04
6.753000000000000000e+03 1.170169999999999945e-04
6.754000000000000000e+03 1.182599999999999960e-04
6.755000000000000000e+03 1.195029999999999975e-04
6.756000000000000000e+03 1.207459999999999989e-04
6.757000000000000000e+03 1.219890000000000004e-04
6.758000000000000000e+03 1.232329999999999906e-04
6.759000000000000000e+03 1.244940000000000044e-04
6.760000000000000000e+03 1.257549999999999911e-04
6.761000000000000000e+03 1.269900000000000022e-04
6.762000000000000000e+03 1.282239999999999975e-04
6.763000000000000000e+03 1.294570000000000041e-04
6.764000000000000000e+03 1.307050000000000030e-04
6.765000000000000000e+03 1.319520000000000133e-04
6.766000000000000000e+03 1.332000000000000122e-04
6.767000000000000000e+03 1.344460000000000067e-04
6.768000000000000000e+03 1.356929999999999898e-04
6.769000000000000000e+03 1.369499999999999949e-04
6.770000000000000000e+03 1.382079999999999886e-04
6.771000000000000000e+03 1.394869999999999877e-04
6.772000000000000000e+03 1.407659999999999868e-04
6.773000000000000000e+03 1.420450000000000130e-04
6.774000000000000000e+03 1.433329999999999912e-04
6.775000000000000000e+03 1.446209999999999965e-04
6.776000000000000000e+03 1.459090000000000018e-04
6.777000000000000000e+03 1.471979999999999957e-04
6.778000000000000000e+03 1.484860000000000010e-04
6.779000000000000000e+03 1.497810000000000081e-04
6.780000000000000000e+03 1.510749999999999994e-04
6.781000000000000000e+03 1.523680000000000021e-04
6.782000000000000000e+03 1.536610000000000048e-04
6.783000000000000000e+03 1.549540000000000075e-04
6.784000000000000000e+03 1.562509999999999919e-04
6.785000000000000000e+03 1.575469999999999876e-04
6.786000000000000000e+03 1.588439999999999991e-04
6.787000000000000000e+03 1.601410000000000106e-04
6.788000000000000000e+03 1.614370000000000063e-04
6.789000000000000000e+03 1.627350000000000064e-04
6.790000000000000000e+03 1.640319999999999907e-04
6.791000000000000000e+03 1.653210000000000118e-04
6.792000000000000000e+03 1.666100000000000057e-04
6.793000000000000000e+03 1.678989999999999996e-04
6.794000000000000000e+03 1.691859999999999892e-04
6.795000000000000000e+03 1.704719999999999901e-04
6.796000000000000000e+03 1.717590000000000067e-04
6.797000000000000000e+03 1.730459999999999963e-04
6.798000000000000000e+03 1.743319999999999972e-04
6.799000000000000000e+03 1.756150000000000050e-04
6.800000000000000000e+03 1.768969999999999972e-04
6.801000000000000000e+03 1.781770000000000120e-04
6.802000000000000000e+03 1.794579999999999884e-04
6.803000000000000000e+03 1.807380000000000033e-04
6.804000000000000000e+03 1.820129999999999936e-04
6.805000000000000000e+03 1.832860000000000066e-04
6.806000000000000000e+03 1.845589999999999926e-04
6.807000000000000000e+03 1.858329999999999943e-04
6.808000000000000000e+03 1.871069999999999960e-04
6.809000000000000000e+03 1.883710000000000028e-04
6.810000000000000000e+03 1.896350000000000097e-04
6.811000000000000000e+03 1.908930000000000034e-04
6.812000000000000000e+03 1.921509999999999972e-04
6.813000000000000000e+03 1.934089999999999909e-04
6.814000000000000000e+03 1.946550000000000125e-04
6.815000000000000000e+03 1.959019999999999956e-04
6.816000000000000000e+03 1.971479999999999901e-04
6.817000000000000000e+03 1.983940000000000117e-04
6.818000000000000000e+03 1.996389999999999905e-04
6.819000000000000000e+03 2.008719999999999972e-04
6.820000000000000000e+03 2.021039999999999881e-04
6.821000000000000000e+03 2.033539999999999914e-04
6.822000000000000000e+03 2.046030000000000060e-04
6.823000000000000000e+03 2.058519999999999935e-04
6.824000000000000000e+03 2.070870000000000046e-04
6.825000000000000000e+03 2.083219999999999885e-04
6.826000000000000000e+03 2.095569999999999996e-04
6.827000000000000000e+03 2.107909999999999949e-04
6.828000000000000000e+03 2.120260000000000059e-04
6.829000000000000000e+03 2.132439999999999932e-04
6.830000000000000000e+03 2.144620000000000077e-04
6.831000000000000000e+03 2.156749999999999976e-04
6.832000000000000000e+03 2.168890000000000032e-04
6.833000000000000000e+03 2.181019999999999931e-04
6.834000000000000000e+03 2.192980000000000135e-04
6.835000000000000000e+03 2.204929999999999911e-04
6.836000000000000000e+03 2.216879999999999957e-04
6.837000000000000000e+03 2.228839999999999890e-04
6.838000000000000000e+03 2.240789999999999937e-04
6.839000000000000000e+03 2.252549999999999973e-04
6.840000000000000000e+03 2.264319999999999896e-04
6.841000000000000000e+03 2.275869999999999879e-04
6.842000000000000000e+03 2.287420000000000132e-04
6.843000000000000000e+03 2.298970000000000115e-04
6.844000000000000000e+03 2.310319999999999930e-04
6.845000000000000000e+03 2.321670000000000016e-04
6.846000000000000000e+03 2.333009999999999945e-04
6.847000000000000000e+03 2.344349999999999874e-04
6.848000000000000000e+03 2.355699999999999960e-04
6.849000000000000000e+03 2.366830000000000106e-04
6.850000000000000000e+03 2.377950000000000094e-04
6.851000000000000000e+03 2.389269999999999979e-04
6.852000000000000000e+03 2.400579999999999977e-04
6.853000000000000000e+03 2.411889999999999976e-04
6.854000000000000000e+03 2.422989999999999920e-04
6.855000000000000000e+03 2.434089999999999865e-04
6.856000000000000000e+03 2.445190000000000080e-04
6.857000000000000000e+03 2.456289999999999754e-04
6.858000000000000000e+03 2.467389999999999970e-04
6.859000000000000000e+03 2.478280000000000131e-04
6.860000000000000000e+03 2.489169999999999751e-04
6.861000000000000000e+03 2.500220000000000263e-04
6.862000000000000000e+03 2.511270000000000234e-04
6.863000000000000000e+03 2.522320000000000204e-04
6.864000000000000000e+03 2.533169999999999736e-04
6.865000000000000000e+03 2.544019999999999810e-04
6.866000000000000000e+03 2.554860000000000269e-04
6.867000000000000000e+03 2.565719999999999958e-04
6.868000000000000000e+03 2.576570000000000032e-04
6.869000000000000000e+03 2.587220000000000210e-04
6.870000000000000000e+03 2.597880000000000003e-04
6.871000000000000000e+03 2.608339999999999899e-04
6.872000000000000000e+03 2.618799999999999796e-04
6.873000000000000000e+03 2.629260000000000234e-04
6.874000000000000000e+03 2.639550000000000164e-04
6.875000000000000000e+03 2.649819999999999780e-04
6.876000000000000000e+03 2.660110000000000252e-04
6.877000000000000000e+03 2.670390000000000025e-04
6.878000000000000000e+03 2.680660000000000182e-04
6.879000000000000000e+03 2.690780000000000147e-04
6.880000000000000000e+03 2.700900000000000111e-04
6.881000000000000000e+03 2.711090000000000093e-04
6.882000000000000000e+03 2.721280000000000075e-04
6.883000000000000000e+03 2.731470000000000057e-04
6.884000000000000000e+03 2.741530000000000160e-04
6.885000000000000000e+03 2.751590000000000264e-04
6.886000000000000000e+03 2.761649999999999825e-04
6.887000000000000000e+03 2.771699999999999772e-04
6.888000000000000000e+03 2.781759999999999875e-04
6.889000000000000000e+03 2.791720000000000030e-04
6.890000000000000000e+03 2.801689999999999801e-04
6.891000000000000000e+03 2.811490000000000148e-04
6.892000000000000000e+03 2.821289999999999952e-04
6.893000000000000000e+03 2.831099999999999914e-04
6.894000000000000000e+03 2.840850000000000016e-04
6.895000000000000000e+03 2.850600000000000117e-04
6.896000000000000000e+03 2.860350000000000219e-04
6.897000000000000000e+03 2.870109999999999936e-04
6.898000000000000000e+03 2.879849999999999880e-04
6.899000000000000000e+03 2.889619999999999754e-04
6.900000000000000000e+03 2.899380000000000013e-04
6.901000000000000000e+03 2.909209999999999748e-04
6.902000000000000000e+03 2.919040000000000024e-04
6.903000000000000000e+03 2.928869999999999759e-04
6.904000000000000000e+03 2.938780000000000212e-04
6.905000000000000000e+03 2.948699999999999737e-04
6.906000000000000000e+03 2.958610000000000189e-04
6.907000000000000000e+03 2.968530000000000257e-04
6.908000000000000000e+03 2.978440000000000167e-04
6.909000000000000000e+03 2.988539999999999816e-04
6.910000000000000000e+03 2.998640000000000008e-04
6.911000000000000000e+03 3.009180000000000080e-04
6.912000000000000000e+03 3.019720000000000151e-04
6.913000000000000000e+03 3.030260000000000223e-04
6.914000000000000000e+03 3.041109999999999755e-04
6.915000000000000000e+03 3.051950000000000214e-04
6.916000000000000000e+03 3.062809999999999903e-04
6.917000000000000000e+03 3.073659999999999977e-04
6.918000000000000000e+03 3.084510000000000051e-04
6.919000000000000000e+03 3.095819999999999779e-04
6.920000000000000000e+03 3.107119999999999891e-04
6.921000000000000000e+03 3.117929999999999877e-04
6.922000000000000000e+03 3.128730000000000248e-04
6.923000000000000000e+03 3.139530000000000077e-04
6.924000000000000000e+03 3.150970000000000225e-04
6.925000000000000000e+03 3.162400000000000215e-04
6.926000000000000000e+03 3.173839999999999821e-04
6.927000000000000000e+03 3.185260000000000196e-04
6.928000000000000000e+03 3.196690000000000187e-04
6.929000000000000000e+03 3.208989999999999781e-04
6.930000000000000000e+03 3.221279999999999760e-04
6.931000000000000000e+03 3.233450000000000018e-04
6.932000000000000000e+03 3.245619999999999734e-04
6.933000000000000000e+03 3.257779999999999834e-04
6.934000000000000000e+03 3.271109999999999925e-04
6.935000000000000000e+03 3.284429999999999858e-04
6.936000000000000000e+03 3.297759999999999949e-04
6.937000000000000000e+03 3.311070000000000267e-04
6.938000000000000000e+03 3.324380000000000043e-04
6.939000000000000000e+03 3.339239999999999830e-04
6.940000000000000000e+03 3.354090000000000001e-04
6.941000000000000000e+03 3.369350000000000123e-04
6.942000000000000000e+03 3.384600000000000087e-04
6.943000000000000000e+03 3.399850000000000051e-04
6.944000000000000000e+03 3.417129999999999994e-04
6.945000000000000000e+03 3.434409999999999937e-04
6.946000000000000000e+03 3.451680000000000264e-04
6.947000000000000000e+03 3.468969999999999823e-04
6.948000000000000000e+03 3.486240000000000150e-04
6.949000000000000000e+03 3.506170000000000076e-04
6.950000000000000000e+03 3.526089999999999845e-04
6.951000000000000000e+03 3.545430000000000239e-04
6.952000000000000000e+03 3.564749999999999776e-04
6.953000000000000000e+03 3.584069999999999856e-04
6.954000000000000000e+03 3.606829999999999889e-04
6.955000000000000000e+03 3.629589999999999921e-04
6.956000000000000000e+03 3.652330000000000181e-04
6.957000000000000000e+03 3.675069999999999899e-04
6.958000000000000000e+03 3.697810000000000159e-04
6.959000000000000000e+03 3.725029999999999943e-04
6.960000000000000000e+03 3.752229999999999953e-04
6.961000000000000000e+03 3.779510000000000139e-04
6.962000000000000000e+03 3.806789999999999783e-04
6.963000000000000000e+03 3.834069999999999969e-04
6.964000000000000000e+03 3.867189999999999950e-04
6.965000000000000000e+03 3.900290000000000159e-04
6.966000000000000000e+03 3.933399999999999982e-04
6.967000000000000000e+03 3.966490000000000033e-04
6.968000000000000000e+03 3.999569999999999926e-04
6.969000000000000000e+03 4.040299999999999924e-04
6.970000000000000000e+03 4.081019999999999765e-04
6.971000000000000000e+03 4.122069999999999922e-04
6.972000000000000000e+03 4.163109999999999923e-04
6.973000000000000000e+03 4.204149999999999923e-04
6.974000000000000000e+03 4.255239999999999869e-04
6.975000000000000000e+03 4.306320000000000200e-04
6.976000000000000000e+03 4.357419999999999761e-04
6.977000000000000000e+03 4.408470000000000162e-04
6.978000000000000000e+03 4.459560000000000108e-04
6.979000000000000000e+03 4.523889999999999812e-04
6.980000000000000000e+03 4.588220000000000059e-04
6.981000000000000000e+03 4.653050000000000046e-04
6.982000000000000000e+03 4.717869999999999876e-04
6.983000000000000000e+03 4.782699999999999864e-04
6.984000000000000000e+03 4.865180000000000199e-04
6.985000000000000000e+03 4.947670000000000149e-04
6.986000000000000000e+03 5.030160000000000100e-04
6.987000000000000000e+03 5.112660000000000208e-04
6.988000000000000000e+03 5.195179999999999547e-04
6.989000000000000000e+03 5.301299999999999676e-04
6.990000000000000000e+03 5.407440000000000120e-04
6.991000000000000000e+03 5.513150000000000299e-04
6.992000000000000000e+03 5.618850000000000320e-04
6.993000000000000000e+03 5.724530000000000026e-04
6.994000000000000000e+03 5.862019999999999688e-04
6.995000000000000000e+03 5.999490000000000118e-04
6.996000000000000000e+03 6.136959999999999464e-04
6.997000000000000000e+03 6.274409999999999580e-04
6.998000000000000000e+03 6.411869999999999853e-04
6.999000000000000000e+03 6.592500000000000053e-04
7.000000000000000000e+03 6.773130000000000253e-04
7.001000000000000000e+03 6.952949999999999625e-04
7.002000000000000000e+03 7.132720000000000379e-04
7.003000000000000000e+03 7.312440000000000346e-04
7.004000000000000000e+03 7.551279999999999841e-04
7.005000000000000000e+03 7.790030000000000088e-04
7.006000000000000000e+03 8.028710000000000317e-04
7.007000000000000000e+03 8.267320000000000528e-04
7.008000000000000000e+03 8.505869999999999794e-04
7.009000000000000000e+03 8.826150000000000054e-04
7.010000000000000000e+03 9.146319999999999667e-04
7.011000000000000000e+03 9.466859999999999685e-04
7.012000000000000000e+03 9.787389999999999545e-04
7.013000000000000000e+03 1.010779999999999968e-03
7.014000000000000000e+03 1.054239999999999908e-03
7.015000000000000000e+03 1.097700000000000065e-03
7.016000000000000000e+03 1.141150000000000064e-03
7.017000000000000000e+03 1.184579999999999965e-03
7.018000000000000000e+03 1.228010000000000082e-03
7.019000000000000000e+03 1.287579999999999975e-03
7.020000000000000000e+03 1.347129999999999985e-03
7.021000000000000000e+03 1.406740000000000074e-03
7.022000000000000000e+03 1.466349999999999945e-03
7.023000000000000000e+03 1.525939999999999935e-03
7.024000000000000000e+03 1.608609999999999901e-03
7.025000000000000000e+03 1.691259999999999986e-03
7.026000000000000000e+03 1.773910000000000070e-03
7.027000000000000000e+03 1.856549999999999997e-03
7.028000000000000000e+03 1.939179999999999984e-03
7.029000000000000000e+03 2.055190000000000142e-03
7.030000000000000000e+03 2.171189999999999926e-03
7.031000000000000000e+03 2.287180000000000202e-03
7.032000000000000000e+03 2.403150000000000164e-03
7.033000000000000000e+03 2.519099999999999812e-03
7.034000000000000000e+03 2.683989999999999813e-03
7.035000000000000000e+03 2.848849999999999993e-03
7.036000000000000000e+03 3.013710000000000173e-03
7.037000000000000000e+03 3.178520000000000217e-03
7.038000000000000000e+03 3.343329999999999826e-03
7.039000000000000000e+03 3.580799999999999868e-03
7.040000000000000000e+03 3.818230000000000148e-03
7.041000000000000000e+03 4.055369999999999982e-03
7.042000000000000000e+03 4.292459999999999679e-03
7.043000000000000000e+03 4.529489999999999732e-03
7.044000000000000000e+03 4.875779999999999698e-03
7.045000000000000000e+03 5.221990000000000139e-03
7.046000000000000000e+03 5.568110000000000247e-03
7.047000000000000000e+03 5.914149999999999963e-03
7.048000000000000000e+03 6.260090000000000272e-03
7.049000000000000000e+03 6.772529999999999696e-03
7.050000000000000000e+03 7.284820000000000011e-03
7.051000000000000000e+03 7.797229999999999613e-03
7.052000000000000000e+03 8.309540000000000676e-03
7.053000000000000000e+03 8.821739999999999790e-03
7.054000000000000000e+03 9.590490000000000126e-03
7.055000000000000000e+03 1.035909999999999956e-02
7.056000000000000000e+03 1.112759999999999964e-02
7.057000000000000000e+03 1.189589999999999918e-02
7.058000000000000000e+03 1.266399999999999991e-02
7.059000000000000000e+03 1.383060000000000019e-02
7.060000000000000000e+03 1.499699999999999991e-02
7.061000000000000000e+03 1.616180000000000047e-02
7.062000000000000000e+03 1.732610000000000053e-02
7.063000000000000000e+03 1.849009999999999890e-02
7.064000000000000000e+03 2.027320000000000164e-02
7.065000000000000000e+03 2.205570000000000100e-02
7.066000000000000000e+03 2.383750000000000105e-02
7.067000000000000000e+03 2.561870000000000119e-02
7.068000000000000000e+03 2.739919999999999856e-02
7.069000000000000000e+03 3.013180000000000025e-02
7.070000000000000000e+03 3.286340000000000094e-02
7.071000000000000000e+03 3.559820000000000345e-02
7.072000000000000000e+03 3.833260000000000139e-02
7.073000000000000000e+03 4.106669999999999765e-02
7.074000000000000000e+03 4.521939999999999987e-02
7.075000000000000000e+03 4.937160000000000160e-02
7.076000000000000000e+03 5.352319999999999994e-02
7.077000000000000000e+03 5.767420000000000185e-02
7.078000000000000000e+03 6.182479999999999920e-02
7.079000000000000000e+03 6.794490000000000252e-02
7.080000000000000000e+03 7.406429999999999958e-02
7.081000000000000000e+03 8.018269999999999564e-02
7.082000000000000000e+03 8.630029999999999646e-02
7.083000000000000000e+03 9.241710000000000202e-02
7.084000000000000000e+03 1.009179999999999938e-01
7.085000000000000000e+03 1.094180000000000014e-01
7.086000000000000000e+03 1.179169999999999940e-01
7.087000000000000000e+03 1.264139999999999986e-01
7.088000000000000000e+03 1.349110000000000031e-01
7.089000000000000000e+03 1.456149999999999944e-01
7.090000000000000000e+03 1.563170000000000115e-01
7.091000000000000000e+03 1.669980000000000075e-01
7.092000000000000000e+03 1.776739999999999986e-01
7.093000000000000000e+03 1.883469999999999867e-01
7.094000000000000000e+03 2.000260000000000093e-01
7.095000000000000000e+03 2.117010000000000003e-01
7.096000000000000000e+03 2.233709999999999862e-01
7.097000000000000000e+03 2.350369999999999959e-01
7.098000000000000000e+03 2.466980000000000006e-01
7.099000000000000000e+03 2.574000000000000177e-01
7.100000000000000000e+03 2.680980000000000030e-01
7.101000000000000000e+03 2.788039999999999963e-01
7.102000000000000000e+03 2.895070000000000143e-01
7.103000000000000000e+03 3.002070000000000016e-01
7.104000000000000000e+03 3.083179999999999810e-01
7.105000000000000000e+03 3.164259999999999851e-01
7.106000000000000000e+03 3.245330000000000159e-01
7.107000000000000000e+03 3.326359999999999872e-01
7.108000000000000000e+03 3.407370000000000121e-01
7.109000000000000000e+03 3.458430000000000115e-01
7.110000000000000000e+03 3.509470000000000089e-01
7.111000000000000000e+03 3.560749999999999749e-01
7.112000000000000000e+03 3.612029999999999963e-01
7.113000000000000000e+03 3.663299999999999890e-01
7.114000000000000000e+03 3.690769999999999884e-01
7.115000000000000000e+03 3.718239999999999879e-01
7.116000000000000000e+03 3.745689999999999853e-01
7.117000000000000000e+03 3.773150000000000115e-01
7.118000000000000000e+03 3.800600000000000089e-01
7.119000000000000000e+03 3.813250000000000250e-01
7.120000000000000000e+03 3.825899999999999856e-01
7.121000000000000000e+03 3.838699999999999890e-01
7.122000000000000000e+03 3.851499999999999924e-01
7.123000000000000000e+03 3.864299999999999957e-01
7.124000000000000000e+03 3.869420000000000082e-01
7.125000000000000000e+03 3.874529999999999919e-01
7.126000000000000000e+03 3.879639999999999755e-01
7.127000000000000000e+03 3.884750000000000147e-01
7.128000000000000000e+03 3.889859999999999984e-01
7.129000000000000000e+03 3.891539999999999999e-01
7.130000000000000000e+03 3.893220000000000014e-01
7.131000000000000000e+03 3.894599999999999729e-01
7.132000000000000000e+03 3.895979999999999999e-01
7.133000000000000000e+03 3.897349999999999981e-01
7.134000000000000000e+03 3.897419999999999773e-01
7.135000000000000000e+03 3.897490000000000121e-01
7.136000000000000000e+03 3.897550000000000181e-01
7.137000000000000000e+03 3.897619999999999973e-01
7.138000000000000000e+03 3.897689999999999766e-01
7.139000000000000000e+03 3.897340000000000249e-01
7.140000000000000000e+03 3.896990000000000176e-01
7.141000000000000000e+03 3.896609999999999796e-01
7.142000000000000000e+03 3.896229999999999971e-01
7.143000000000000000e+03 3.895839999999999859e-01
7.144000000000000000e+03 3.895370000000000221e-01
7.145000000000000000e+03 3.894880000000000009e-01
7.146000000000000000e+03 3.894400000000000084e-01
7.147000000000000000e+03 3.893909999999999871e-01
7.148000000000000000e+03 3.893429999999999946e-01
7.149000000000000000e+03 3.892930000000000001e-01
7.150000000000000000e+03 3.892419999999999769e-01
7.151000000000000000e+03 3.891740000000000199e-01
7.152000000000000000e+03 3.891049999999999787e-01
7.153000000000000000e+03 3.890359999999999929e-01
7.154000000000000000e+03 3.889670000000000072e-01
7.155000000000000000e+03 3.888980000000000214e-01
7.156000000000000000e+03 3.888280000000000070e-01
7.157000000000000000e+03 3.887599999999999945e-01
7.158000000000000000e+03 3.886899999999999800e-01
7.159000000000000000e+03 3.886200000000000210e-01
7.160000000000000000e+03 3.885509999999999797e-01
7.161000000000000000e+03 3.885390000000000232e-01
7.162000000000000000e+03 3.885270000000000112e-01
7.163000000000000000e+03 3.885140000000000260e-01
7.164000000000000000e+03 3.885020000000000140e-01
7.165000000000000000e+03 3.884900000000000020e-01
7.166000000000000000e+03 3.884779999999999900e-01
7.167000000000000000e+03 3.884650000000000047e-01
7.168000000000000000e+03 3.884509999999999907e-01
7.169000000000000000e+03 3.884389999999999787e-01
7.170000000000000000e+03 3.884259999999999935e-01
7.171000000000000000e+03 3.883829999999999782e-01
7.172000000000000000e+03 3.883369999999999878e-01
7.173000000000000000e+03 3.882939999999999725e-01
7.174000000000000000e+03 3.882470000000000088e-01
7.175000000000000000e+03 3.881999999999999895e-01
7.176000000000000000e+03 3.881530000000000258e-01
7.177000000000000000e+03 3.881060000000000065e-01
7.178000000000000000e+03 3.880589999999999873e-01
7.179000000000000000e+03 3.879969999999999808e-01
7.180000000000000000e+03 3.879360000000000031e-01
7.181000000000000000e+03 3.878800000000000026e-01
7.182000000000000000e+03 3.878240000000000021e-01
7.183000000000000000e+03 3.877689999999999748e-01
7.184000000000000000e+03 3.876580000000000026e-01
7.185000000000000000e+03 3.875489999999999768e-01
7.186000000000000000e+03 3.874400000000000066e-01
7.187000000000000000e+03 3.873300000000000076e-01
7.188000000000000000e+03 3.872200000000000086e-01
7.189000000000000000e+03 3.869480000000000142e-01
7.190000000000000000e+03 3.866769999999999929e-01
7.191000000000000000e+03 3.863969999999999905e-01
7.192000000000000000e+03 3.861169999999999880e-01
7.193000000000000000e+03 3.858360000000000123e-01
7.194000000000000000e+03 3.851490000000000191e-01
7.195000000000000000e+03 3.844609999999999972e-01
7.196000000000000000e+03 3.837740000000000040e-01
7.197000000000000000e+03 3.830859999999999821e-01
7.198000000000000000e+03 3.823989999999999889e-01
7.199000000000000000e+03 3.808309999999999751e-01
7.200000000000000000e+03 3.792639999999999900e-01
7.201000000000000000e+03 3.776880000000000237e-01
7.202000000000000000e+03 3.761120000000000019e-01
7.203000000000000000e+03 3.745359999999999800e-01
7.204000000000000000e+03 3.713319999999999954e-01
7.205000000000000000e+03 3.681289999999999840e-01
7.206000000000000000e+03 3.649270000000000014e-01
7.207000000000000000e+03 3.617259999999999920e-01
7.208000000000000000e+03 3.585260000000000113e-01
7.209000000000000000e+03 3.528299999999999770e-01
7.210000000000000000e+03 3.471350000000000269e-01
7.211000000000000000e+03 3.414179999999999993e-01
7.212000000000000000e+03 3.357040000000000024e-01
7.213000000000000000e+03 3.299920000000000075e-01
7.214000000000000000e+03 3.213239999999999985e-01
7.215000000000000000e+03 3.126599999999999935e-01
7.216000000000000000e+03 3.039999999999999925e-01
7.217000000000000000e+03 2.953430000000000222e-01
7.218000000000000000e+03 2.866909999999999736e-01
7.219000000000000000e+03 2.757109999999999839e-01
7.220000000000000000e+03 2.647360000000000269e-01
7.221000000000000000e+03 2.537659999999999916e-01
7.222000000000000000e+03 2.427999999999999881e-01
7.223000000000000000e+03 2.318389999999999895e-01
7.224000000000000000e+03 2.202999999999999958e-01
7.225000000000000000e+03 2.087640000000000051e-01
7.226000000000000000e+03 1.972339999999999927e-01
7.227000000000000000e+03 1.857090000000000130e-01
7.228000000000000000e+03 1.741890000000000105e-01
7.229000000000000000e+03 1.639670000000000016e-01
7.230000000000000000e+03 1.537499999999999978e-01
7.231000000000000000e+03 1.435480000000000089e-01
7.232000000000000000e+03 1.333489999999999953e-01
7.233000000000000000e+03 1.231529999999999986e-01
7.234000000000000000e+03 1.152470000000000022e-01
7.235000000000000000e+03 1.073439999999999950e-01
7.236000000000000000e+03 9.944260000000000599e-02
7.237000000000000000e+03 9.154320000000000512e-02
7.238000000000000000e+03 8.364599999999999813e-02
7.239000000000000000e+03 7.805499999999999938e-02
7.240000000000000000e+03 7.246529999999999638e-02
7.241000000000000000e+03 6.687669999999999726e-02
7.242000000000000000e+03 6.128990000000000132e-02
7.243000000000000000e+03 5.570470000000000282e-02
7.244000000000000000e+03 5.195129999999999887e-02
7.245000000000000000e+03 4.819890000000000285e-02
7.246000000000000000e+03 4.444780000000000258e-02
7.247000000000000000e+03 4.069770000000000332e-02
7.248000000000000000e+03 3.694859999999999811e-02
7.249000000000000000e+03 3.448949999999999932e-02
7.250000000000000000e+03 3.203120000000000273e-02
7.251000000000000000e+03 2.957150000000000056e-02
7.252000000000000000e+03 2.711279999999999940e-02
7.253000000000000000e+03 2.465519999999999864e-02
7.254000000000000000e+03 2.305329999999999879e-02
7.255000000000000000e+03 2.145199999999999885e-02
7.256000000000000000e+03 1.985140000000000168e-02
7.257000000000000000e+03 1.825150000000000036e-02
7.258000000000000000e+03 1.665219999999999895e-02
7.259000000000000000e+03 1.560570000000000013e-02
7.260000000000000000e+03 1.455970000000000007e-02
7.261000000000000000e+03 1.351499999999999924e-02
7.262000000000000000e+03 1.247069999999999949e-02
7.263000000000000000e+03 1.142660000000000030e-02
7.264000000000000000e+03 1.073709999999999942e-02
7.265000000000000000e+03 1.004769999999999969e-02
7.266000000000000000e+03 9.358540000000000261e-03
7.267000000000000000e+03 8.669510000000000063e-03
7.268000000000000000e+03 7.980710000000000234e-03
7.269000000000000000e+03 7.520149999999999751e-03
7.270000000000000000e+03 7.059669999999999661e-03
7.271000000000000000e+03 6.598970000000000009e-03
7.272000000000000000e+03 6.138440000000000216e-03
7.273000000000000000e+03 5.678110000000000102e-03
7.274000000000000000e+03 5.366029999999999932e-03
7.275000000000000000e+03 5.054069999999999917e-03
7.276000000000000000e+03 4.742230000000000056e-03
7.277000000000000000e+03 4.430520000000000291e-03
7.278000000000000000e+03 4.118929999999999814e-03
7.279000000000000000e+03 3.904770000000000116e-03
7.280000000000000000e+03 3.690680000000000002e-03
7.281000000000000000e+03 3.476640000000000025e-03
7.282000000000000000e+03 3.262680000000000007e-03
7.283000000000000000e+03 3.048809999999999888e-03
7.284000000000000000e+03 2.899790000000000180e-03
7.285000000000000000e+03 2.750830000000000115e-03
7.286000000000000000e+03 2.601940000000000069e-03
7.287000000000000000e+03 2.453100000000000159e-03
7.288000000000000000e+03 2.304329999999999833e-03
7.289000000000000000e+03 2.199280000000000072e-03
7.290000000000000000e+03 2.094289999999999954e-03
7.291000000000000000e+03 1.989359999999999913e-03
7.292000000000000000e+03 1.884470000000000069e-03
7.293000000000000000e+03 1.779619999999999987e-03
7.294000000000000000e+03 1.704650000000000045e-03
7.295000000000000000e+03 1.629720000000000084e-03
7.296000000000000000e+03 1.554810000000000003e-03
7.297000000000000000e+03 1.479929999999999961e-03
7.298000000000000000e+03 1.405089999999999898e-03
7.299000000000000000e+03 1.350920000000000029e-03
7.300000000000000000e+03 1.296779999999999981e-03
7.301000000000000000e+03 1.242700000000000011e-03
7.302000000000000000e+03 1.188639999999999922e-03
7.303000000000000000e+03 1.134589999999999991e-03
7.304000000000000000e+03 1.095030000000000092e-03
7.305000000000000000e+03 1.055490000000000074e-03
7.306000000000000000e+03 1.015950000000000056e-03
7.307000000000000000e+03 9.764360000000000140e-04
7.308000000000000000e+03 9.369289999999999737e-04
7.309000000000000000e+03 9.076899999999999509e-04
7.310000000000000000e+03 8.784630000000000086e-04
7.311000000000000000e+03 8.492519999999999930e-04
7.312000000000000000e+03 8.200489999999999950e-04
7.313000000000000000e+03 7.908550000000000302e-04
7.314000000000000000e+03 7.690169999999999862e-04
7.315000000000000000e+03 7.471860000000000524e-04
7.316000000000000000e+03 7.253620000000000120e-04
7.317000000000000000e+03 7.035439999999999576e-04
7.318000000000000000e+03 6.817350000000000449e-04
7.319000000000000000e+03 6.652459999999999797e-04
7.320000000000000000e+03 6.487630000000000089e-04
7.321000000000000000e+03 6.323169999999999702e-04
7.322000000000000000e+03 6.158729999999999630e-04
7.323000000000000000e+03 5.994320000000000030e-04
7.324000000000000000e+03 5.868800000000000188e-04
7.325000000000000000e+03 5.743309999999999735e-04
7.326000000000000000e+03 5.617839999999999596e-04
7.327000000000000000e+03 5.492389999999999772e-04
7.328000000000000000e+03 5.366979999999999494e-04
7.329000000000000000e+03 5.270230000000000531e-04
7.330000000000000000e+03 5.173489999999999556e-04
7.331000000000000000e+03 5.076419999999999891e-04
7.332000000000000000e+03 4.979399999999999929e-04
7.333000000000000000e+03 4.882399999999999739e-04
7.334000000000000000e+03 4.806689999999999748e-04
7.335000000000000000e+03 4.731030000000000001e-04
7.336000000000000000e+03 4.655390000000000027e-04
7.337000000000000000e+03 4.579779999999999984e-04
7.338000000000000000e+03 4.504190000000000255e-04
7.339000000000000000e+03 4.444539999999999971e-04
7.340000000000000000e+03 4.384910000000000001e-04
7.341000000000000000e+03 4.325199999999999856e-04
7.342000000000000000e+03 4.265529999999999799e-04
7.343000000000000000e+03 4.205859999999999742e-04
7.344000000000000000e+03 4.158209999999999749e-04
7.345000000000000000e+03 4.110569999999999914e-04
7.346000000000000000e+03 4.062960000000000009e-04
7.347000000000000000e+03 4.015369999999999877e-04
7.348000000000000000e+03 3.967779999999999745e-04
7.349000000000000000e+03 3.929299999999999937e-04
7.350000000000000000e+03 3.890839999999999902e-04
7.351000000000000000e+03 3.852600000000000078e-04
7.352000000000000000e+03 3.814369999999999870e-04
7.353000000000000000e+03 3.776159999999999977e-04
7.354000000000000000e+03 3.744859999999999921e-04
7.355000000000000000e+03 3.713570000000000022e-04
7.356000000000000000e+03 3.682299999999999896e-04
7.357000000000000000e+03 3.651020000000000155e-04
7.358000000000000000e+03 3.619760000000000187e-04
7.359000000000000000e+03 3.593790000000000027e-04
7.360000000000000000e+03 3.567819999999999867e-04
7.361000000000000000e+03 3.541880000000000180e-04
7.362000000000000000e+03 3.515939999999999951e-04
7.363000000000000000e+03 3.490009999999999879e-04
7.364000000000000000e+03 3.468130000000000149e-04
7.365000000000000000e+03 3.446249999999999878e-04
7.366000000000000000e+03 3.424389999999999921e-04
7.367000000000000000e+03 3.402529999999999964e-04
7.368000000000000000e+03 3.380680000000000165e-04
7.369000000000000000e+03 3.361929999999999845e-04
7.370000000000000000e+03 3.343190000000000224e-04
7.371000000000000000e+03 3.324550000000000009e-04
7.372000000000000000e+03 3.305919999999999952e-04
7.373000000000000000e+03 3.287300000000000053e-04
7.374000000000000000e+03 3.271039999999999907e-04
7.375000000000000000e+03 3.254800000000000076e-04
7.376000000000000000e+03 3.238560000000000245e-04
7.377000000000000000e+03 3.222330000000000029e-04
7.378000000000000000e+03 3.206099999999999814e-04
7.379000000000000000e+03 3.191690000000000065e-04
7.380000000000000000e+03 3.177279999999999775e-04
7.381000000000000000e+03 3.162369999999999743e-04
7.382000000000000000e+03 3.147469999999999869e-04
7.383000000000000000e+03 3.132580000000000152e-04
7.384000000000000000e+03 3.119080000000000095e-04
7.385000000000000000e+03 3.105580000000000038e-04
7.386000000000000000e+03 3.092090000000000138e-04
7.387000000000000000e+03 3.078609999999999854e-04
7.388000000000000000e+03 3.065130000000000111e-04
7.389000000000000000e+03 3.052700000000000097e-04
7.390000000000000000e+03 3.040289999999999855e-04
7.391000000000000000e+03 3.028619999999999880e-04
7.392000000000000000e+03 3.016960000000000063e-04
7.393000000000000000e+03 3.005309999999999861e-04
7.394000000000000000e+03 2.994410000000000084e-04
7.395000000000000000e+03 2.983530000000000080e-04
7.396000000000000000e+03 2.972639999999999918e-04
7.397000000000000000e+03 2.961749999999999756e-04
7.398000000000000000e+03 2.950869999999999752e-04
7.399000000000000000e+03 2.940539999999999734e-04
7.400000000000000000e+03 2.930219999999999873e-04
7.401000000000000000e+03 2.918829999999999971e-04
7.402000000000000000e+03 2.907440000000000068e-04
7.403000000000000000e+03 2.896069999999999938e-04
7.404000000000000000e+03 2.885100000000000143e-04
7.405000000000000000e+03 2.874129999999999806e-04
7.406000000000000000e+03 2.863170000000000168e-04
7.407000000000000000e+03 2.852229999999999761e-04
7.408000000000000000e+03 2.841279999999999739e-04
7.409000000000000000e+03 2.830609999999999789e-04
7.410000000000000000e+03 2.819939999999999838e-04
7.411000000000000000e+03 2.810120000000000261e-04
7.412000000000000000e+03 2.800289999999999984e-04
7.413000000000000000e+03 2.790469999999999865e-04
7.414000000000000000e+03 2.780799999999999939e-04
7.415000000000000000e+03 2.771140000000000170e-04
7.416000000000000000e+03 2.761470000000000244e-04
7.417000000000000000e+03 2.751809999999999933e-04
7.418000000000000000e+03 2.742150000000000165e-04
7.419000000000000000e+03 2.732559999999999872e-04
7.420000000000000000e+03 2.722970000000000121e-04
7.421000000000000000e+03 2.712859999999999772e-04
7.422000000000000000e+03 2.702760000000000123e-04
7.423000000000000000e+03 2.692659999999999932e-04
7.424000000000000000e+03 2.682569999999999898e-04
7.425000000000000000e+03 2.672479999999999864e-04
7.426000000000000000e+03 2.662399999999999988e-04
7.427000000000000000e+03 2.652320000000000112e-04
7.428000000000000000e+03 2.642249999999999851e-04
7.429000000000000000e+03 2.632140000000000044e-04
7.430000000000000000e+03 2.622030000000000237e-04
7.431000000000000000e+03 2.612059999999999924e-04
7.432000000000000000e+03 2.602099999999999769e-04
7.433000000000000000e+03 2.592149999999999771e-04
7.434000000000000000e+03 2.582090000000000210e-04
7.435000000000000000e+03 2.572049999999999879e-04
7.436000000000000000e+03 2.562010000000000090e-04
7.437000000000000000e+03 2.551969999999999759e-04
7.438000000000000000e+03 2.541940000000000128e-04
7.439000000000000000e+03 2.531790000000000234e-04
7.440000000000000000e+03 2.521639999999999797e-04
7.441000000000000000e+03 2.511489999999999903e-04
7.442000000000000000e+03 2.501329999999999851e-04
7.443000000000000000e+03 2.491179999999999957e-04
7.444000000000000000e+03 2.480890000000000027e-04
7.445000000000000000e+03 2.470600000000000096e-04
7.446000000000000000e+03 2.460319999999999781e-04
7.447000000000000000e+03 2.450029999999999851e-04
7.448000000000000000e+03 2.439759999999999965e-04
7.449000000000000000e+03 2.429320000000000112e-04
7.450000000000000000e+03 2.418879999999999988e-04
7.451000000000000000e+03 2.408459999999999909e-04
7.452000000000000000e+03 2.398040000000000100e-04
7.453000000000000000e+03 2.387629999999999906e-04
7.454000000000000000e+03 2.377040000000000132e-04
7.455000000000000000e+03 2.366459999999999972e-04
7.456000000000000000e+03 2.355880000000000083e-04
7.457000000000000000e+03 2.345310000000000081e-04
7.458000000000000000e+03 2.334740000000000079e-04
7.459000000000000000e+03 2.323989999999999953e-04
7.460000000000000000e+03 2.313229999999999941e-04
7.461000000000000000e+03 2.302539999999999947e-04
7.462000000000000000e+03 2.291849999999999953e-04
7.463000000000000000e+03 2.281159999999999959e-04
7.464000000000000000e+03 2.270290000000000112e-04
7.465000000000000000e+03 2.259419999999999994e-04
7.466000000000000000e+03 2.248560000000000034e-04
7.467000000000000000e+03 2.237689999999999916e-04
7.468000000000000000e+03 2.226840000000000113e-04
7.469000000000000000e+03 2.215789999999999871e-04
7.470000000000000000e+03 2.204750000000000058e-04
7.471000000000000000e+03 2.193680000000000044e-04
7.472000000000000000e+03 2.182610000000000030e-04
7.473000000000000000e+03 2.171549999999999902e-04
7.474000000000000000e+03 2.160289999999999877e-04
7.475000000000000000e+03 2.149049999999999897e-04
7.476000000000000000e+03 2.137809999999999917e-04
7.477000000000000000e+03 2.126580000000000093e-04
7.478000000000000000e+03 2.115340000000000113e-04
7.479000000000000000e+03 2.103940000000000053e-04
7.480000000000000000e+03 2.092530000000000106e-04
7.481000000000000000e+03 2.081229999999999994e-04
7.482000000000000000e+03 2.069940000000000039e-04
7.483000000000000000e+03 2.058650000000000085e-04
7.484000000000000000e+03 2.047180000000000007e-04
7.485000000000000000e+03 2.035729999999999972e-04
7.486000000000000000e+03 2.024279999999999938e-04
7.487000000000000000e+03 2.012820000000000017e-04
7.488000000000000000e+03 2.001379999999999869e-04
7.489000000000000000e+03 1.989770000000000026e-04
7.490000000000000000e+03 1.978170000000000069e-04
7.491000000000000000e+03 1.966450000000000121e-04
7.492000000000000000e+03 1.954740000000000058e-04
7.493000000000000000e+03 1.943039999999999882e-04
7.494000000000000000e+03 1.931190000000000055e-04
7.495000000000000000e+03 1.919350000000000114e-04
7.496000000000000000e+03 1.907509999999999902e-04
7.497000000000000000e+03 1.895680000000000119e-04
7.498000000000000000e+03 1.883850000000000064e-04
7.499000000000000000e+03 1.871890000000000131e-04
7.500000000000000000e+03 1.859949999999999971e-04
7.501000000000000000e+03 1.848099999999999873e-04
7.502000000000000000e+03 1.836259999999999932e-04
7.503000000000000000e+03 1.824419999999999991e-04
7.504000000000000000e+03 1.812469999999999945e-04
7.505000000000000000e+03 1.800530000000000056e-04
7.506000000000000000e+03 1.788589999999999896e-04
7.507000000000000000e+03 1.776650000000000007e-04
7.508000000000000000e+03 1.764720000000000004e-04
7.509000000000000000e+03 1.752690000000000053e-04
7.510000000000000000e+03 1.740669999999999989e-04
7.511000000000000000e+03 1.728490000000000115e-04
7.512000000000000000e+03 1.716320000000000129e-04
7.513000000000000000e+03 1.704149999999999871e-04
7.514000000000000000e+03 1.691899999999999979e-04
7.515000000000000000e+03 1.679670000000000132e-04
7.516000000000000000e+03 1.667440000000000014e-04
7.517000000000000000e+03 1.655220000000000053e-04
7.518000000000000000e+03 1.643009999999999978e-04
7.519000000000000000e+03 1.630749999999999930e-04
7.520000000000000000e+03 1.618489999999999881e-04
7.521000000000000000e+03 1.606620000000000010e-04
7.522000000000000000e+03 1.594739999999999981e-04
7.523000000000000000e+03 1.582859999999999953e-04
7.524000000000000000e+03 1.570959999999999880e-04
7.525000000000000000e+03 1.559049999999999922e-04
7.526000000000000000e+03 1.547150000000000120e-04
7.527000000000000000e+03 1.535239999999999890e-04
7.528000000000000000e+03 1.523340000000000089e-04
7.529000000000000000e+03 1.511430000000000130e-04
7.530000000000000000e+03 1.499519999999999900e-04
7.531000000000000000e+03 1.487009999999999981e-04
7.532000000000000000e+03 1.474520000000000106e-04
7.533000000000000000e+03 1.462040000000000117e-04
7.534000000000000000e+03 1.449590000000000058e-04
7.535000000000000000e+03 1.437139999999999999e-04
7.536000000000000000e+03 1.424709999999999985e-04
7.537000000000000000e+03 1.412279999999999970e-04
7.538000000000000000e+03 1.399869999999999999e-04
7.539000000000000000e+03 1.387500000000000116e-04
7.540000000000000000e+03 1.375150000000000005e-04
7.541000000000000000e+03 1.363310000000000064e-04
7.542000000000000000e+03 1.351480000000000010e-04
7.543000000000000000e+03 1.339640000000000069e-04
7.544000000000000000e+03 1.327869999999999875e-04
7.545000000000000000e+03 1.316099999999999952e-04
7.546000000000000000e+03 1.304339999999999916e-04
7.547000000000000000e+03 1.292569999999999993e-04
7.548000000000000000e+03 1.280809999999999956e-04
7.549000000000000000e+03 1.269139999999999982e-04
7.550000000000000000e+03 1.257460000000000121e-04
7.551000000000000000e+03 1.245639999999999953e-04
7.552000000000000000e+03 1.233809999999999898e-04
7.553000000000000000e+03 1.221999999999999888e-04
7.554000000000000000e+03 1.210299999999999983e-04
7.555000000000000000e+03 1.198599999999999942e-04
7.556000000000000000e+03 1.186910000000000059e-04
7.557000000000000000e+03 1.175220000000000041e-04
7.558000000000000000e+03 1.163540000000000044e-04
7.559000000000000000e+03 1.151999999999999948e-04
7.560000000000000000e+03 1.140459999999999987e-04
7.561000000000000000e+03 1.128829999999999965e-04
7.562000000000000000e+03 1.117209999999999964e-04
7.563000000000000000e+03 1.105599999999999986e-04
7.564000000000000000e+03 1.094159999999999973e-04
7.565000000000000000e+03 1.082719999999999961e-04
7.566000000000000000e+03 1.071279999999999948e-04
7.567000000000000000e+03 1.059849999999999958e-04
7.568000000000000000e+03 1.048429999999999989e-04
7.569000000000000000e+03 1.037200000000000031e-04
7.570000000000000000e+03 1.025969999999999936e-04
7.571000000000000000e+03 1.014760000000000022e-04
7.572000000000000000e+03 1.003549999999999972e-04
7.573000000000000000e+03 9.923389999999999869e-05
7.574000000000000000e+03 9.813439999999999338e-05
7.575000000000000000e+03 9.703579999999999682e-05
7.576000000000000000e+03 9.593720000000000026e-05
7.577000000000000000e+03 9.483949999999999889e-05
7.578000000000000000e+03 9.374259999999999928e-05
7.579000000000000000e+03 9.266849999999999545e-05
7.580000000000000000e+03 9.159509999999999993e-05
7.581000000000000000e+03 9.053000000000000229e-05
7.582000000000000000e+03 8.946519999999999852e-05
7.583000000000000000e+03 8.840070000000000219e-05
7.584000000000000000e+03 8.736139999999999336e-05
7.585000000000000000e+03 8.632240000000000551e-05
7.586000000000000000e+03 8.528360000000000454e-05
7.587000000000000000e+03 8.424569999999999878e-05
7.588000000000000000e+03 8.320769999999999957e-05
7.589000000000000000e+03 8.219650000000000491e-05
7.590000000000000000e+03 8.118609999999999846e-05
7.591000000000000000e+03 8.016970000000000595e-05
7.592000000000000000e+03 7.915390000000000121e-05
7.593000000000000000e+03 7.813849999999999735e-05
