# FR782N
7.332000000000000000e+03 6.924790000000000491e-05
7.333000000000000000e+03 7.010460000000000638e-05
7.334000000000000000e+03 7.096089999999999343e-05
7.335000000000000000e+03 7.181710000000000058e-05
7.336000000000000000e+03 7.267289999999999330e-05
7.337000000000000000e+03 7.355590000000000500e-05
7.338000000000000000e+03 7.443819999999999484e-05
7.339000000000000000e+03 7.532040000000000480e-05
7.340000000000000000e+03 7.620229999999999376e-05
7.341000000000000000e+03 7.708200000000000501e-05
7.342000000000000000e+03 7.798770000000000550e-05
7.343000000000000000e+03 7.889280000000000468e-05
7.344000000000000000e+03 7.979779999999999686e-05
7.345000000000000000e+03 8.070200000000000084e-05
7.346000000000000000e+03 8.160629999999999826e-05
7.347000000000000000e+03 8.253490000000000154e-05
7.348000000000000000e+03 8.346299999999999694e-05
7.349000000000000000e+03 8.439079999999999845e-05
7.350000000000000000e+03 8.531839999999999953e-05
7.351000000000000000e+03 8.625030000000000327e-05
7.352000000000000000e+03 8.720529999999999666e-05
7.353000000000000000e+03 8.816030000000000361e-05
7.354000000000000000e+03 8.911500000000000313e-05
7.355000000000000000e+03 9.006910000000000133e-05
7.356000000000000000e+03 9.102330000000000653e-05
7.357000000000000000e+03 9.199899999999999788e-05
7.358000000000000000e+03 9.297450000000000235e-05
7.359000000000000000e+03 9.394960000000000594e-05
7.360000000000000000e+03 9.492440000000000209e-05
7.361000000000000000e+03 9.589959999999999912e-05
7.362000000000000000e+03 9.689479999999999935e-05
7.363000000000000000e+03 9.788979999999999914e-05
7.364000000000000000e+03 9.888450000000000505e-05
7.365000000000000000e+03 9.987870000000000309e-05
7.366000000000000000e+03 1.008729999999999946e-04
7.367000000000000000e+03 1.018860000000000067e-04
7.368000000000000000e+03 1.028980000000000031e-04
7.369000000000000000e+03 1.039099999999999995e-04
7.370000000000000000e+03 1.049219999999999960e-04
7.371000000000000000e+03 1.059359999999999967e-04
7.372000000000000000e+03 1.069679999999999964e-04
7.373000000000000000e+03 1.079989999999999938e-04
7.374000000000000000e+03 1.090300000000000047e-04
7.375000000000000000e+03 1.100610000000000021e-04
7.376000000000000000e+03 1.110919999999999996e-04
7.377000000000000000e+03 1.121380000000000028e-04
7.378000000000000000e+03 1.131830000000000038e-04
7.379000000000000000e+03 1.142289999999999934e-04
7.380000000000000000e+03 1.152739999999999944e-04
7.381000000000000000e+03 1.162999999999999944e-04
7.382000000000000000e+03 1.173389999999999958e-04
7.383000000000000000e+03 1.183779999999999972e-04
7.384000000000000000e+03 1.194159999999999964e-04
7.385000000000000000e+03 1.204529999999999935e-04
7.386000000000000000e+03 1.214900000000000040e-04
7.387000000000000000e+03 1.225379999999999981e-04
7.388000000000000000e+03 1.235850000000000034e-04
7.389000000000000000e+03 1.246320000000000088e-04
7.390000000000000000e+03 1.256779999999999985e-04
7.391000000000000000e+03 1.267549999999999883e-04
7.392000000000000000e+03 1.278420000000000001e-04
7.393000000000000000e+03 1.289290000000000119e-04
7.394000000000000000e+03 1.300150000000000079e-04
7.395000000000000000e+03 1.311019999999999926e-04
7.396000000000000000e+03 1.321879999999999887e-04
7.397000000000000000e+03 1.332829999999999909e-04
7.398000000000000000e+03 1.343770000000000045e-04
7.399000000000000000e+03 1.354709999999999909e-04
7.400000000000000000e+03 1.365650000000000045e-04
7.401000000000000000e+03 1.376089999999999898e-04
7.402000000000000000e+03 1.386570000000000109e-04
7.403000000000000000e+03 1.397050000000000050e-04
7.404000000000000000e+03 1.407520000000000104e-04
7.405000000000000000e+03 1.417980000000000000e-04
7.406000000000000000e+03 1.428439999999999896e-04
7.407000000000000000e+03 1.438929999999999994e-04
7.408000000000000000e+03 1.449400000000000048e-04
7.409000000000000000e+03 1.459870000000000102e-04
7.410000000000000000e+03 1.470329999999999999e-04
7.411000000000000000e+03 1.481219999999999889e-04
7.412000000000000000e+03 1.492130000000000095e-04
7.413000000000000000e+03 1.503029999999999872e-04
7.414000000000000000e+03 1.513940000000000077e-04
7.415000000000000000e+03 1.524840000000000125e-04
7.416000000000000000e+03 1.535739999999999902e-04
7.417000000000000000e+03 1.546639999999999951e-04
7.418000000000000000e+03 1.557539999999999999e-04
7.419000000000000000e+03 1.568440000000000047e-04
7.420000000000000000e+03 1.579329999999999937e-04
7.421000000000000000e+03 1.589919999999999983e-04
7.422000000000000000e+03 1.600480000000000099e-04
7.423000000000000000e+03 1.611039999999999944e-04
7.424000000000000000e+03 1.621600000000000060e-04
7.425000000000000000e+03 1.632140000000000131e-04
7.426000000000000000e+03 1.642679999999999932e-04
7.427000000000000000e+03 1.653179999999999916e-04
7.428000000000000000e+03 1.663679999999999901e-04
7.429000000000000000e+03 1.674169999999999998e-04
7.430000000000000000e+03 1.684649999999999939e-04
7.431000000000000000e+03 1.695219999999999941e-04
7.432000000000000000e+03 1.705730000000000083e-04
7.433000000000000000e+03 1.716239999999999953e-04
7.434000000000000000e+03 1.726739999999999937e-04
7.435000000000000000e+03 1.737239999999999921e-04
7.436000000000000000e+03 1.747739999999999906e-04
7.437000000000000000e+03 1.758159999999999985e-04
7.438000000000000000e+03 1.768569999999999908e-04
7.439000000000000000e+03 1.778980000000000101e-04
7.440000000000000000e+03 1.789390000000000024e-04
7.441000000000000000e+03 1.799790000000000059e-04
7.442000000000000000e+03 1.810100000000000034e-04
7.443000000000000000e+03 1.820400000000000121e-04
7.444000000000000000e+03 1.830699999999999938e-04
7.445000000000000000e+03 1.840989999999999868e-04
7.446000000000000000e+03 1.851280000000000070e-04
7.447000000000000000e+03 1.861470000000000052e-04
7.448000000000000000e+03 1.871649999999999876e-04
7.449000000000000000e+03 1.881840000000000129e-04
7.450000000000000000e+03 1.892010000000000068e-04
7.451000000000000000e+03 1.902189999999999892e-04
7.452000000000000000e+03 1.912259999999999882e-04
7.453000000000000000e+03 1.922319999999999986e-04
7.454000000000000000e+03 1.932380000000000089e-04
7.455000000000000000e+03 1.942439999999999922e-04
7.456000000000000000e+03 1.952479999999999982e-04
7.457000000000000000e+03 1.962409999999999936e-04
7.458000000000000000e+03 1.972330000000000003e-04
7.459000000000000000e+03 1.982250000000000071e-04
7.460000000000000000e+03 1.992159999999999981e-04
7.461000000000000000e+03 2.002109999999999979e-04
7.462000000000000000e+03 2.011930000000000099e-04
7.463000000000000000e+03 2.021749999999999947e-04
7.464000000000000000e+03 2.031570000000000066e-04
7.465000000000000000e+03 2.041369999999999871e-04
7.466000000000000000e+03 2.051180000000000104e-04
7.467000000000000000e+03 2.060839999999999872e-04
7.468000000000000000e+03 2.070499999999999912e-04
7.469000000000000000e+03 2.080150000000000065e-04
7.470000000000000000e+03 2.089810000000000105e-04
7.471000000000000000e+03 2.099419999999999900e-04
7.472000000000000000e+03 2.108880000000000043e-04
7.473000000000000000e+03 2.118339999999999915e-04
7.474000000000000000e+03 2.127789999999999901e-04
7.475000000000000000e+03 2.137250000000000044e-04
7.476000000000000000e+03 2.146689999999999872e-04
7.477000000000000000e+03 2.155989999999999936e-04
7.478000000000000000e+03 2.165280000000000113e-04
7.479000000000000000e+03 2.174570000000000019e-04
7.480000000000000000e+03 2.183850000000000038e-04
7.481000000000000000e+03 2.193220000000000120e-04
7.482000000000000000e+03 2.202460000000000051e-04
7.483000000000000000e+03 2.211679999999999939e-04
7.484000000000000000e+03 2.220900000000000098e-04
7.485000000000000000e+03 2.230119999999999986e-04
7.486000000000000000e+03 2.239339999999999874e-04
7.487000000000000000e+03 2.248390000000000067e-04
7.488000000000000000e+03 2.257449999999999876e-04
7.489000000000000000e+03 2.266500000000000068e-04
7.490000000000000000e+03 2.275549999999999990e-04
7.491000000000000000e+03 2.284459999999999876e-04
7.492000000000000000e+03 2.293209999999999953e-04
7.493000000000000000e+03 2.301969999999999917e-04
7.494000000000000000e+03 2.310719999999999994e-04
7.495000000000000000e+03 2.319459999999999914e-04
7.496000000000000000e+03 2.328189999999999947e-04
7.497000000000000000e+03 2.336790000000000102e-04
7.498000000000000000e+03 2.345369999999999942e-04
7.499000000000000000e+03 2.353959999999999939e-04
7.500000000000000000e+03 2.362540000000000050e-04
7.501000000000000000e+03 2.371239999999999882e-04
7.502000000000000000e+03 2.379799999999999949e-04
7.503000000000000000e+03 2.388360000000000016e-04
7.504000000000000000e+03 2.396909999999999926e-04
7.505000000000000000e+03 2.405469999999999993e-04
7.506000000000000000e+03 2.414019999999999903e-04
7.507000000000000000e+03 2.422439999999999934e-04
7.508000000000000000e+03 2.430859999999999965e-04
7.509000000000000000e+03 2.439279999999999996e-04
7.510000000000000000e+03 2.447689999999999870e-04
7.511000000000000000e+03 2.455860000000000031e-04
7.512000000000000000e+03 2.463930000000000243e-04
7.513000000000000000e+03 2.471989999999999756e-04
7.514000000000000000e+03 2.480040000000000196e-04
7.515000000000000000e+03 2.488090000000000093e-04
7.516000000000000000e+03 2.496129999999999833e-04
7.517000000000000000e+03 2.504089999999999940e-04
7.518000000000000000e+03 2.512039999999999889e-04
7.519000000000000000e+03 2.519980000000000223e-04
7.520000000000000000e+03 2.527920000000000015e-04
7.521000000000000000e+03 2.536449999999999881e-04
7.522000000000000000e+03 2.544919999999999886e-04
7.523000000000000000e+03 2.553379999999999734e-04
7.524000000000000000e+03 2.561849999999999739e-04
7.525000000000000000e+03 2.570319999999999745e-04
7.526000000000000000e+03 2.578780000000000135e-04
7.527000000000000000e+03 2.587220000000000210e-04
7.528000000000000000e+03 2.595650000000000127e-04
7.529000000000000000e+03 2.604099999999999818e-04
7.530000000000000000e+03 2.612529999999999735e-04
7.531000000000000000e+03 2.619920000000000083e-04
7.532000000000000000e+03 2.627330000000000203e-04
7.533000000000000000e+03 2.634730000000000166e-04
7.534000000000000000e+03 2.642119999999999972e-04
7.535000000000000000e+03 2.649509999999999778e-04
7.536000000000000000e+03 2.656889999999999968e-04
7.537000000000000000e+03 2.664319999999999861e-04
7.538000000000000000e+03 2.671759999999999912e-04
7.539000000000000000e+03 2.679189999999999805e-04
7.540000000000000000e+03 2.686610000000000083e-04
7.541000000000000000e+03 2.695029999999999843e-04
7.542000000000000000e+03 2.703580000000000024e-04
7.543000000000000000e+03 2.712130000000000205e-04
7.544000000000000000e+03 2.720679999999999843e-04
7.545000000000000000e+03 2.729219999999999867e-04
7.546000000000000000e+03 2.737770000000000047e-04
7.547000000000000000e+03 2.746529999999999740e-04
7.548000000000000000e+03 2.755289999999999974e-04
7.549000000000000000e+03 2.764050000000000209e-04
7.550000000000000000e+03 2.772799999999999744e-04
7.551000000000000000e+03 2.781209999999999889e-04
7.552000000000000000e+03 2.789930000000000036e-04
7.553000000000000000e+03 2.798640000000000025e-04
7.554000000000000000e+03 2.807350000000000015e-04
7.555000000000000000e+03 2.816070000000000162e-04
7.556000000000000000e+03 2.824769999999999994e-04
7.557000000000000000e+03 2.833900000000000091e-04
7.558000000000000000e+03 2.843030000000000188e-04
7.559000000000000000e+03 2.852159999999999743e-04
7.560000000000000000e+03 2.861280000000000225e-04
7.561000000000000000e+03 2.870160000000000181e-04
7.562000000000000000e+03 2.879630000000000210e-04
7.563000000000000000e+03 2.889090000000000082e-04
7.564000000000000000e+03 2.898530000000000182e-04
7.565000000000000000e+03 2.907979999999999897e-04
7.566000000000000000e+03 2.917430000000000153e-04
7.567000000000000000e+03 2.927609999999999978e-04
7.568000000000000000e+03 2.937810000000000117e-04
7.569000000000000000e+03 2.947989999999999942e-04
7.570000000000000000e+03 2.958160000000000151e-04
7.571000000000000000e+03 2.968339999999999976e-04
7.572000000000000000e+03 2.979510000000000210e-04
7.573000000000000000e+03 2.990649999999999971e-04
7.574000000000000000e+03 3.001789999999999732e-04
7.575000000000000000e+03 3.012940000000000193e-04
7.576000000000000000e+03 3.024069999999999796e-04
7.577000000000000000e+03 3.036460000000000266e-04
7.578000000000000000e+03 3.048840000000000035e-04
7.579000000000000000e+03 3.061210000000000190e-04
7.580000000000000000e+03 3.073579999999999802e-04
7.581000000000000000e+03 3.086200000000000098e-04
7.582000000000000000e+03 3.100430000000000265e-04
7.583000000000000000e+03 3.114649999999999732e-04
7.584000000000000000e+03 3.128869999999999742e-04
7.585000000000000000e+03 3.143069999999999978e-04
7.586000000000000000e+03 3.157270000000000215e-04
7.587000000000000000e+03 3.173529999999999819e-04
7.588000000000000000e+03 3.189770000000000192e-04
7.589000000000000000e+03 3.205990000000000250e-04
7.590000000000000000e+03 3.222230000000000081e-04
7.591000000000000000e+03 3.238199999999999998e-04
7.592000000000000000e+03 3.256770000000000194e-04
7.593000000000000000e+03 3.275320000000000076e-04
7.594000000000000000e+03 3.293859999999999800e-04
7.595000000000000000e+03 3.312400000000000067e-04
7.596000000000000000e+03 3.330920000000000018e-04
7.597000000000000000e+03 3.352729999999999730e-04
7.598000000000000000e+03 3.374539999999999983e-04
7.599000000000000000e+03 3.396319999999999764e-04
7.600000000000000000e+03 3.418089999999999930e-04
7.601000000000000000e+03 3.440319999999999750e-04
7.602000000000000000e+03 3.466720000000000175e-04
7.603000000000000000e+03 3.493120000000000057e-04
7.604000000000000000e+03 3.519519999999999940e-04
7.605000000000000000e+03 3.545889999999999893e-04
7.606000000000000000e+03 3.572270000000000003e-04
7.607000000000000000e+03 3.603980000000000009e-04
7.608000000000000000e+03 3.635679999999999858e-04
7.609000000000000000e+03 3.667370000000000092e-04
7.610000000000000000e+03 3.699050000000000168e-04
7.611000000000000000e+03 3.730089999999999925e-04
7.612000000000000000e+03 3.767929999999999956e-04
7.613000000000000000e+03 3.805759999999999829e-04
7.614000000000000000e+03 3.843550000000000156e-04
7.615000000000000000e+03 3.881329999999999785e-04
7.616000000000000000e+03 3.919069999999999867e-04
7.617000000000000000e+03 3.965530000000000097e-04
7.618000000000000000e+03 4.011970000000000011e-04
7.619000000000000000e+03 4.058369999999999838e-04
7.620000000000000000e+03 4.104730000000000119e-04
7.621000000000000000e+03 4.151420000000000175e-04
7.622000000000000000e+03 4.209320000000000010e-04
7.623000000000000000e+03 4.267189999999999915e-04
7.624000000000000000e+03 4.325050000000000205e-04
7.625000000000000000e+03 4.382860000000000250e-04
7.626000000000000000e+03 4.440669999999999752e-04
7.627000000000000000e+03 4.512979999999999878e-04
7.628000000000000000e+03 4.585270000000000231e-04
7.629000000000000000e+03 4.657519999999999954e-04
7.630000000000000000e+03 4.729730000000000132e-04
7.631000000000000000e+03 4.802060000000000031e-04
7.632000000000000000e+03 4.893299999999999516e-04
7.633000000000000000e+03 4.984499999999999998e-04
7.634000000000000000e+03 5.075659999999999851e-04
7.635000000000000000e+03 5.166770000000000000e-04
7.636000000000000000e+03 5.257859999999999834e-04
7.637000000000000000e+03 5.373710000000000292e-04
7.638000000000000000e+03 5.489509999999999963e-04
7.639000000000000000e+03 5.605249999999999773e-04
7.640000000000000000e+03 5.720970000000000352e-04
7.641000000000000000e+03 5.835709999999999596e-04
7.642000000000000000e+03 5.983059999999999464e-04
7.643000000000000000e+03 6.130299999999999768e-04
7.644000000000000000e+03 6.277420000000000352e-04
7.645000000000000000e+03 6.424449999999999519e-04
7.646000000000000000e+03 6.571349999999999891e-04
7.647000000000000000e+03 6.761539999999999911e-04
7.648000000000000000e+03 6.951579999999999739e-04
7.649000000000000000e+03 7.141460000000000299e-04
7.650000000000000000e+03 7.331240000000000369e-04
7.651000000000000000e+03 7.521649999999999517e-04
7.652000000000000000e+03 7.770010000000000371e-04
7.653000000000000000e+03 8.018199999999999633e-04
7.654000000000000000e+03 8.266270000000000258e-04
7.655000000000000000e+03 8.514240000000000393e-04
7.656000000000000000e+03 8.762040000000000019e-04
7.657000000000000000e+03 9.087989999999999567e-04
7.658000000000000000e+03 9.413779999999999848e-04
7.659000000000000000e+03 9.739380000000000389e-04
7.660000000000000000e+03 1.006479999999999918e-03
7.661000000000000000e+03 1.038979999999999895e-03
7.662000000000000000e+03 1.082110000000000060e-03
7.663000000000000000e+03 1.125209999999999969e-03
7.664000000000000000e+03 1.168280000000000056e-03
7.665000000000000000e+03 1.211330000000000046e-03
7.666000000000000000e+03 1.254359999999999937e-03
7.667000000000000000e+03 1.311990000000000075e-03
7.668000000000000000e+03 1.369580000000000016e-03
7.669000000000000000e+03 1.427139999999999919e-03
7.670000000000000000e+03 1.484670000000000000e-03
7.671000000000000000e+03 1.542100000000000025e-03
7.672000000000000000e+03 1.619779999999999918e-03
7.673000000000000000e+03 1.697399999999999951e-03
7.674000000000000000e+03 1.774970000000000063e-03
7.675000000000000000e+03 1.852490000000000039e-03
7.676000000000000000e+03 1.929960000000000096e-03
7.677000000000000000e+03 2.035789999999999995e-03
7.678000000000000000e+03 2.141539999999999937e-03
7.679000000000000000e+03 2.247219999999999860e-03
7.680000000000000000e+03 2.352840000000000140e-03
7.681000000000000000e+03 2.458380000000000027e-03
7.682000000000000000e+03 2.604079999999999936e-03
7.683000000000000000e+03 2.749670000000000065e-03
7.684000000000000000e+03 2.895169999999999862e-03
7.685000000000000000e+03 3.040559999999999877e-03
7.686000000000000000e+03 3.185869999999999935e-03
7.687000000000000000e+03 3.388609999999999799e-03
7.688000000000000000e+03 3.591220000000000002e-03
7.689000000000000000e+03 3.793700000000000110e-03
7.690000000000000000e+03 3.996030000000000242e-03
7.691000000000000000e+03 4.198409999999999642e-03
7.692000000000000000e+03 4.483879999999999984e-03
7.693000000000000000e+03 4.769200000000000349e-03
7.694000000000000000e+03 5.054330000000000107e-03
7.695000000000000000e+03 5.339309999999999889e-03
7.696000000000000000e+03 5.624119999999999814e-03
7.697000000000000000e+03 6.030370000000000175e-03
7.698000000000000000e+03 6.436400000000000107e-03
7.699000000000000000e+03 6.842199999999999671e-03
7.700000000000000000e+03 7.247769999999999734e-03
7.701000000000000000e+03 7.653189999999999819e-03
7.702000000000000000e+03 8.237790000000000043e-03
7.703000000000000000e+03 8.822039999999999743e-03
7.704000000000000000e+03 9.405999999999999431e-03
7.705000000000000000e+03 9.989619999999999403e-03
7.706000000000000000e+03 1.057289999999999966e-02
7.707000000000000000e+03 1.142229999999999981e-02
7.708000000000000000e+03 1.227119999999999947e-02
7.709000000000000000e+03 1.311969999999999976e-02
7.710000000000000000e+03 1.396769999999999956e-02
7.711000000000000000e+03 1.481410000000000018e-02
7.712000000000000000e+03 1.605660000000000073e-02
7.713000000000000000e+03 1.729819999999999969e-02
7.714000000000000000e+03 1.853890000000000052e-02
7.715000000000000000e+03 1.977879999999999916e-02
7.716000000000000000e+03 2.101779999999999968e-02
7.717000000000000000e+03 2.284349999999999922e-02
7.718000000000000000e+03 2.466780000000000014e-02
7.719000000000000000e+03 2.649090000000000125e-02
7.720000000000000000e+03 2.831269999999999967e-02
7.721000000000000000e+03 3.013379999999999878e-02
7.722000000000000000e+03 3.280860000000000026e-02
7.723000000000000000e+03 3.548160000000000203e-02
7.724000000000000000e+03 3.815289999999999654e-02
7.725000000000000000e+03 4.082220000000000293e-02
7.726000000000000000e+03 4.349000000000000088e-02
7.727000000000000000e+03 4.735219999999999707e-02
7.728000000000000000e+03 5.121200000000000058e-02
7.729000000000000000e+03 5.506899999999999989e-02
7.730000000000000000e+03 5.892359999999999959e-02
7.731000000000000000e+03 6.277629999999999322e-02
7.732000000000000000e+03 6.817940000000000111e-02
7.733000000000000000e+03 7.357879999999999976e-02
7.734000000000000000e+03 7.897479999999999778e-02
7.735000000000000000e+03 8.436739999999999517e-02
7.736000000000000000e+03 8.975650000000000295e-02
7.737000000000000000e+03 9.689920000000000477e-02
7.738000000000000000e+03 1.040370000000000045e-01
7.739000000000000000e+03 1.111710000000000059e-01
7.740000000000000000e+03 1.183000000000000024e-01
7.741000000000000000e+03 1.254429999999999990e-01
7.742000000000000000e+03 1.341179999999999872e-01
7.743000000000000000e+03 1.427910000000000013e-01
7.744000000000000000e+03 1.514610000000000123e-01
7.745000000000000000e+03 1.601269999999999916e-01
7.746000000000000000e+03 1.687909999999999966e-01
7.747000000000000000e+03 1.781310000000000116e-01
7.748000000000000000e+03 1.874669999999999948e-01
7.749000000000000000e+03 1.968010000000000037e-01
7.750000000000000000e+03 2.061310000000000087e-01
7.751000000000000000e+03 2.154330000000000134e-01
7.752000000000000000e+03 2.241019999999999956e-01
7.753000000000000000e+03 2.327660000000000007e-01
7.754000000000000000e+03 2.414239999999999997e-01
7.755000000000000000e+03 2.500780000000000225e-01
7.756000000000000000e+03 2.587269999999999848e-01
7.757000000000000000e+03 2.656080000000000108e-01
7.758000000000000000e+03 2.724840000000000040e-01
7.759000000000000000e+03 2.793579999999999952e-01
7.760000000000000000e+03 2.862259999999999804e-01
7.761000000000000000e+03 2.929999999999999827e-01
7.762000000000000000e+03 2.975809999999999844e-01
7.763000000000000000e+03 3.021550000000000069e-01
7.764000000000000000e+03 3.067250000000000254e-01
7.765000000000000000e+03 3.112880000000000091e-01
7.766000000000000000e+03 3.158460000000000156e-01
7.767000000000000000e+03 3.184899999999999953e-01
7.768000000000000000e+03 3.211309999999999998e-01
7.769000000000000000e+03 3.237689999999999735e-01
7.770000000000000000e+03 3.264029999999999987e-01
7.771000000000000000e+03 3.291740000000000221e-01
7.772000000000000000e+03 3.306140000000000190e-01
7.773000000000000000e+03 3.320529999999999871e-01
7.774000000000000000e+03 3.334920000000000107e-01
7.775000000000000000e+03 3.349300000000000055e-01
7.776000000000000000e+03 3.363670000000000271e-01
7.777000000000000000e+03 3.370159999999999823e-01
7.778000000000000000e+03 3.376640000000000197e-01
7.779000000000000000e+03 3.383120000000000016e-01
7.780000000000000000e+03 3.389590000000000103e-01
7.781000000000000000e+03 3.395969999999999822e-01
7.782000000000000000e+03 3.398260000000000169e-01
7.783000000000000000e+03 3.400540000000000229e-01
7.784000000000000000e+03 3.402810000000000001e-01
7.785000000000000000e+03 3.405090000000000061e-01
7.786000000000000000e+03 3.407370000000000121e-01
7.787000000000000000e+03 3.407769999999999966e-01
7.788000000000000000e+03 3.408160000000000078e-01
7.789000000000000000e+03 3.408559999999999923e-01
7.790000000000000000e+03 3.408950000000000036e-01
7.791000000000000000e+03 3.409110000000000196e-01
7.792000000000000000e+03 3.408510000000000151e-01
7.793000000000000000e+03 3.407910000000000106e-01
7.794000000000000000e+03 3.407319999999999793e-01
7.795000000000000000e+03 3.406719999999999748e-01
7.796000000000000000e+03 3.406120000000000259e-01
7.797000000000000000e+03 3.405270000000000241e-01
7.798000000000000000e+03 3.404409999999999936e-01
7.799000000000000000e+03 3.403559999999999919e-01
7.800000000000000000e+03 3.402700000000000169e-01
7.801000000000000000e+03 3.401850000000000152e-01
7.802000000000000000e+03 3.400929999999999787e-01
7.803000000000000000e+03 3.400000000000000244e-01
7.804000000000000000e+03 3.399079999999999879e-01
7.805000000000000000e+03 3.398160000000000069e-01
7.806000000000000000e+03 3.397229999999999972e-01
7.807000000000000000e+03 3.396299999999999875e-01
7.808000000000000000e+03 3.395360000000000045e-01
7.809000000000000000e+03 3.394429999999999947e-01
7.810000000000000000e+03 3.393479999999999830e-01
7.811000000000000000e+03 3.391939999999999955e-01
7.812000000000000000e+03 3.390389999999999793e-01
7.813000000000000000e+03 3.388840000000000185e-01
7.814000000000000000e+03 3.387290000000000023e-01
7.815000000000000000e+03 3.385739999999999861e-01
7.816000000000000000e+03 3.384199999999999986e-01
7.817000000000000000e+03 3.382640000000000091e-01
7.818000000000000000e+03 3.381100000000000216e-01
7.819000000000000000e+03 3.379550000000000054e-01
7.820000000000000000e+03 3.377999999999999892e-01
7.821000000000000000e+03 3.376759999999999762e-01
7.822000000000000000e+03 3.375520000000000187e-01
7.823000000000000000e+03 3.374269999999999770e-01
7.824000000000000000e+03 3.373030000000000195e-01
7.825000000000000000e+03 3.371799999999999797e-01
7.826000000000000000e+03 3.370540000000000203e-01
7.827000000000000000e+03 3.369309999999999805e-01
7.828000000000000000e+03 3.368059999999999943e-01
7.829000000000000000e+03 3.366819999999999813e-01
7.830000000000000000e+03 3.365569999999999951e-01
7.831000000000000000e+03 3.363990000000000036e-01
7.832000000000000000e+03 3.362399999999999833e-01
7.833000000000000000e+03 3.360790000000000166e-01
7.834000000000000000e+03 3.359199999999999964e-01
7.835000000000000000e+03 3.357600000000000029e-01
7.836000000000000000e+03 3.356009999999999827e-01
7.837000000000000000e+03 3.354380000000000139e-01
7.838000000000000000e+03 3.352749999999999897e-01
7.839000000000000000e+03 3.351140000000000230e-01
7.840000000000000000e+03 3.349509999999999987e-01
7.841000000000000000e+03 3.348769999999999802e-01
7.842000000000000000e+03 3.347890000000000033e-01
7.843000000000000000e+03 3.347019999999999995e-01
7.844000000000000000e+03 3.346149999999999958e-01
7.845000000000000000e+03 3.345290000000000208e-01
7.846000000000000000e+03 3.344420000000000170e-01
7.847000000000000000e+03 3.343130000000000268e-01
7.848000000000000000e+03 3.341859999999999831e-01
7.849000000000000000e+03 3.340580000000000216e-01
7.850000000000000000e+03 3.339300000000000046e-01
7.851000000000000000e+03 3.336939999999999906e-01
7.852000000000000000e+03 3.333470000000000044e-01
7.853000000000000000e+03 3.330009999999999915e-01
7.854000000000000000e+03 3.326560000000000072e-01
7.855000000000000000e+03 3.323090000000000210e-01
7.856000000000000000e+03 3.319639999999999813e-01
7.857000000000000000e+03 3.313630000000000186e-01
7.858000000000000000e+03 3.307629999999999737e-01
7.859000000000000000e+03 3.301629999999999843e-01
7.860000000000000000e+03 3.295640000000000236e-01
7.861000000000000000e+03 3.290489999999999804e-01
7.862000000000000000e+03 3.280089999999999950e-01
7.863000000000000000e+03 3.269699999999999829e-01
7.864000000000000000e+03 3.259299999999999975e-01
7.865000000000000000e+03 3.248920000000000141e-01
7.866000000000000000e+03 3.238539999999999752e-01
7.867000000000000000e+03 3.218599999999999794e-01
7.868000000000000000e+03 3.198679999999999857e-01
7.869000000000000000e+03 3.178770000000000207e-01
7.870000000000000000e+03 3.158860000000000001e-01
7.871000000000000000e+03 3.138630000000000031e-01
7.872000000000000000e+03 3.103310000000000235e-01
7.873000000000000000e+03 3.068020000000000191e-01
7.874000000000000000e+03 3.032759999999999900e-01
7.875000000000000000e+03 2.997520000000000184e-01
7.876000000000000000e+03 2.962310000000000221e-01
7.877000000000000000e+03 2.907250000000000112e-01
7.878000000000000000e+03 2.852230000000000043e-01
7.879000000000000000e+03 2.797259999999999747e-01
7.880000000000000000e+03 2.742330000000000045e-01
7.881000000000000000e+03 2.687559999999999949e-01
7.882000000000000000e+03 2.612630000000000230e-01
7.883000000000000000e+03 2.537739999999999996e-01
7.884000000000000000e+03 2.462910000000000099e-01
7.885000000000000000e+03 2.388129999999999975e-01
7.886000000000000000e+03 2.313409999999999911e-01
7.887000000000000000e+03 2.225459999999999938e-01
7.888000000000000000e+03 2.137580000000000036e-01
7.889000000000000000e+03 2.049759999999999915e-01
7.890000000000000000e+03 1.962000000000000133e-01
7.891000000000000000e+03 1.874250000000000083e-01
7.892000000000000000e+03 1.785549999999999915e-01
7.893000000000000000e+03 1.696920000000000095e-01
7.894000000000000000e+03 1.608360000000000067e-01
7.895000000000000000e+03 1.519870000000000110e-01
7.896000000000000000e+03 1.431439999999999935e-01
7.897000000000000000e+03 1.353439999999999921e-01
7.898000000000000000e+03 1.275489999999999957e-01
7.899000000000000000e+03 1.197610000000000063e-01
7.900000000000000000e+03 1.119779999999999942e-01
7.901000000000000000e+03 1.041990000000000000e-01
7.902000000000000000e+03 9.803520000000000290e-02
7.903000000000000000e+03 9.187620000000000509e-02
7.904000000000000000e+03 8.572230000000000127e-02
7.905000000000000000e+03 7.957359999999999434e-02
7.906000000000000000e+03 7.342999999999999527e-02
7.907000000000000000e+03 6.891100000000000003e-02
7.908000000000000000e+03 6.439580000000000304e-02
7.909000000000000000e+03 5.988439999999999735e-02
7.910000000000000000e+03 5.537659999999999805e-02
7.911000000000000000e+03 5.087040000000000312e-02
7.912000000000000000e+03 4.770250000000000185e-02
7.913000000000000000e+03 4.453750000000000070e-02
7.914000000000000000e+03 4.137550000000000255e-02
7.915000000000000000e+03 3.821619999999999878e-02
7.916000000000000000e+03 3.505980000000000207e-02
7.917000000000000000e+03 3.289229999999999932e-02
7.918000000000000000e+03 3.072679999999999856e-02
7.919000000000000000e+03 2.856320000000000039e-02
7.920000000000000000e+03 2.640160000000000076e-02
7.921000000000000000e+03 2.424410000000000107e-02
7.922000000000000000e+03 2.277590000000000170e-02
7.923000000000000000e+03 2.130879999999999927e-02
7.924000000000000000e+03 1.984270000000000131e-02
7.925000000000000000e+03 1.837770000000000029e-02
7.926000000000000000e+03 1.691379999999999967e-02
7.927000000000000000e+03 1.591710000000000000e-02
7.928000000000000000e+03 1.492120000000000078e-02
7.929000000000000000e+03 1.392599999999999914e-02
7.930000000000000000e+03 1.293159999999999969e-02
7.931000000000000000e+03 1.193840000000000005e-02
7.932000000000000000e+03 1.125830000000000060e-02
7.933000000000000000e+03 1.057869999999999991e-02
7.934000000000000000e+03 9.899550000000000016e-03
7.935000000000000000e+03 9.220819999999999364e-03
7.936000000000000000e+03 8.542529999999999568e-03
7.937000000000000000e+03 8.073890000000000233e-03
7.938000000000000000e+03 7.605599999999999687e-03
7.939000000000000000e+03 7.137590000000000080e-03
7.940000000000000000e+03 6.669859999999999678e-03
7.941000000000000000e+03 6.201319999999999749e-03
7.942000000000000000e+03 5.873980000000000000e-03
7.943000000000000000e+03 5.546950000000000144e-03
7.944000000000000000e+03 5.220289999999999826e-03
7.945000000000000000e+03 4.893930000000000329e-03
7.946000000000000000e+03 4.567909999999999679e-03
7.947000000000000000e+03 4.337599999999999616e-03
7.948000000000000000e+03 4.107509999999999981e-03
7.949000000000000000e+03 3.877649999999999847e-03
7.950000000000000000e+03 3.648030000000000023e-03
7.951000000000000000e+03 3.418700000000000211e-03
7.952000000000000000e+03 3.254850000000000104e-03
7.953000000000000000e+03 3.091169999999999855e-03
7.954000000000000000e+03 2.927649999999999957e-03
7.955000000000000000e+03 2.764280000000000036e-03
7.956000000000000000e+03 2.601089999999999913e-03
7.957000000000000000e+03 2.483190000000000137e-03
7.958000000000000000e+03 2.365400000000000141e-03
7.959000000000000000e+03 2.247729999999999867e-03
7.960000000000000000e+03 2.130190000000000122e-03
7.961000000000000000e+03 2.012869999999999937e-03
7.962000000000000000e+03 1.927220000000000105e-03
7.963000000000000000e+03 1.841640000000000074e-03
7.964000000000000000e+03 1.756140000000000001e-03
7.965000000000000000e+03 1.670709999999999947e-03
7.966000000000000000e+03 1.585360000000000068e-03
7.967000000000000000e+03 1.522399999999999925e-03
7.968000000000000000e+03 1.459479999999999979e-03
7.969000000000000000e+03 1.396619999999999893e-03
7.970000000000000000e+03 1.333820000000000101e-03
7.971000000000000000e+03 1.271100000000000051e-03
7.972000000000000000e+03 1.224370000000000016e-03
7.973000000000000000e+03 1.177679999999999959e-03
7.974000000000000000e+03 1.131030000000000100e-03
7.975000000000000000e+03 1.084410000000000061e-03
7.976000000000000000e+03 1.037830000000000003e-03
7.977000000000000000e+03 1.002789999999999931e-03
7.978000000000000000e+03 9.677789999999999917e-04
7.979000000000000000e+03 9.327919999999999962e-04
7.980000000000000000e+03 8.978359999999999466e-04
7.981000000000000000e+03 8.633010000000000206e-04
7.982000000000000000e+03 8.371439999999999524e-04
7.983000000000000000e+03 8.109859999999999769e-04
7.984000000000000000e+03 7.848249999999999541e-04
7.985000000000000000e+03 7.586620000000000082e-04
7.986000000000000000e+03 7.324960000000000152e-04
7.987000000000000000e+03 7.125019999999999487e-04
7.988000000000000000e+03 6.925079999999999908e-04
7.989000000000000000e+03 6.725120000000000013e-04
7.990000000000000000e+03 6.525110000000000415e-04
7.991000000000000000e+03 6.323579999999999653e-04
7.992000000000000000e+03 6.167979999999999990e-04
7.993000000000000000e+03 6.012430000000000031e-04
7.994000000000000000e+03 5.856950000000000090e-04
7.995000000000000000e+03 5.701530000000000009e-04
7.996000000000000000e+03 5.546200000000000262e-04
7.997000000000000000e+03 5.425210000000000189e-04
7.998000000000000000e+03 5.304279999999999976e-04
7.999000000000000000e+03 5.183409999999999624e-04
8.000000000000000000e+03 5.062559999999999586e-04
8.001000000000000000e+03 4.940110000000000378e-04
8.002000000000000000e+03 4.843620000000000087e-04
8.003000000000000000e+03 4.747239999999999902e-04
8.004000000000000000e+03 4.650939999999999892e-04
8.005000000000000000e+03 4.554769999999999761e-04
8.006000000000000000e+03 4.458709999999999735e-04
8.007000000000000000e+03 4.382319999999999879e-04
8.008000000000000000e+03 4.306010000000000198e-04
8.009000000000000000e+03 4.229789999999999765e-04
8.010000000000000000e+03 4.153660000000000208e-04
8.011000000000000000e+03 4.078269999999999834e-04
8.012000000000000000e+03 4.017879999999999824e-04
8.013000000000000000e+03 3.957540000000000060e-04
8.014000000000000000e+03 3.897249999999999998e-04
8.015000000000000000e+03 3.837000000000000024e-04
8.016000000000000000e+03 3.776799999999999754e-04
8.017000000000000000e+03 3.728119999999999806e-04
8.018000000000000000e+03 3.679479999999999947e-04
8.019000000000000000e+03 3.630870000000000018e-04
8.020000000000000000e+03 3.582290000000000019e-04
8.021000000000000000e+03 3.534179999999999830e-04
8.022000000000000000e+03 3.494950000000000140e-04
8.023000000000000000e+03 3.455730000000000065e-04
8.024000000000000000e+03 3.416550000000000077e-04
8.025000000000000000e+03 3.377370000000000090e-04
8.026000000000000000e+03 3.338230000000000190e-04
8.027000000000000000e+03 3.305979999999999813e-04
8.028000000000000000e+03 3.273759999999999908e-04
8.029000000000000000e+03 3.241540000000000003e-04
8.030000000000000000e+03 3.209350000000000028e-04
8.031000000000000000e+03 3.176780000000000033e-04
8.032000000000000000e+03 3.149599999999999796e-04
8.033000000000000000e+03 3.122450000000000030e-04
8.034000000000000000e+03 3.095320000000000038e-04
8.035000000000000000e+03 3.068200000000000202e-04
8.036000000000000000e+03 3.041100000000000140e-04
8.037000000000000000e+03 3.018230000000000001e-04
8.038000000000000000e+03 2.995359999999999863e-04
8.039000000000000000e+03 2.972510000000000039e-04
8.040000000000000000e+03 2.949679999999999989e-04
8.041000000000000000e+03 2.926849999999999938e-04
8.042000000000000000e+03 2.907329999999999962e-04
8.043000000000000000e+03 2.887829999999999759e-04
8.044000000000000000e+03 2.868330000000000098e-04
8.045000000000000000e+03 2.848850000000000210e-04
8.046000000000000000e+03 2.829390000000000095e-04
8.047000000000000000e+03 2.812520000000000102e-04
8.048000000000000000e+03 2.795660000000000267e-04
8.049000000000000000e+03 2.778810000000000047e-04
8.050000000000000000e+03 2.761980000000000142e-04
8.051000000000000000e+03 2.745909999999999736e-04
8.052000000000000000e+03 2.731869999999999850e-04
8.053000000000000000e+03 2.717840000000000121e-04
8.054000000000000000e+03 2.703809999999999851e-04
8.055000000000000000e+03 2.689780000000000122e-04
8.056000000000000000e+03 2.675760000000000009e-04
8.057000000000000000e+03 2.663329999999999994e-04
8.058000000000000000e+03 2.650910000000000137e-04
8.059000000000000000e+03 2.638489999999999737e-04
8.060000000000000000e+03 2.626069999999999880e-04
8.061000000000000000e+03 2.612269999999999978e-04
8.062000000000000000e+03 2.599729999999999858e-04
8.063000000000000000e+03 2.587210000000000052e-04
8.064000000000000000e+03 2.574710000000000019e-04
8.065000000000000000e+03 2.562220000000000144e-04
8.066000000000000000e+03 2.549739999999999884e-04
8.067000000000000000e+03 2.538260000000000191e-04
8.068000000000000000e+03 2.526779999999999955e-04
8.069000000000000000e+03 2.515330000000000192e-04
8.070000000000000000e+03 2.503890000000000044e-04
8.071000000000000000e+03 2.493770000000000080e-04
8.072000000000000000e+03 2.484419999999999771e-04
8.073000000000000000e+03 2.475059999999999847e-04
8.074000000000000000e+03 2.465710000000000080e-04
8.075000000000000000e+03 2.456359999999999772e-04
8.076000000000000000e+03 2.447010000000000005e-04
8.077000000000000000e+03 2.438250000000000042e-04
8.078000000000000000e+03 2.429479999999999921e-04
8.079000000000000000e+03 2.420719999999999957e-04
8.080000000000000000e+03 2.411959999999999994e-04
8.081000000000000000e+03 2.402779999999999922e-04
8.082000000000000000e+03 2.394049999999999889e-04
8.083000000000000000e+03 2.385320000000000127e-04
8.084000000000000000e+03 2.376599999999999980e-04
8.085000000000000000e+03 2.367880000000000104e-04
8.086000000000000000e+03 2.359159999999999957e-04
8.087000000000000000e+03 2.350780000000000014e-04
8.088000000000000000e+03 2.342389999999999913e-04
8.089000000000000000e+03 2.334020000000000127e-04
8.090000000000000000e+03 2.325650000000000070e-04
8.091000000000000000e+03 2.316669999999999895e-04
8.092000000000000000e+03 2.307929999999999975e-04
8.093000000000000000e+03 2.299190000000000055e-04
8.094000000000000000e+03 2.290469999999999908e-04
8.095000000000000000e+03 2.281759999999999919e-04
8.096000000000000000e+03 2.273049999999999929e-04
8.097000000000000000e+03 2.264509999999999906e-04
8.098000000000000000e+03 2.255980000000000040e-04
8.099000000000000000e+03 2.247449999999999904e-04
8.100000000000000000e+03 2.238929999999999924e-04
8.101000000000000000e+03 2.231420000000000126e-04
8.102000000000000000e+03 2.223989999999999962e-04
8.103000000000000000e+03 2.216569999999999955e-04
8.104000000000000000e+03 2.209149999999999948e-04
8.105000000000000000e+03 2.201740000000000099e-04
8.106000000000000000e+03 2.194320000000000092e-04
8.107000000000000000e+03 2.186939999999999902e-04
8.108000000000000000e+03 2.179569999999999869e-04
8.109000000000000000e+03 2.172200000000000107e-04
8.110000000000000000e+03 2.164830000000000075e-04
8.111000000000000000e+03 2.157000000000000117e-04
8.112000000000000000e+03 2.149169999999999889e-04
8.113000000000000000e+03 2.141339999999999932e-04
8.114000000000000000e+03 2.133530000000000018e-04
8.115000000000000000e+03 2.125709999999999948e-04
8.116000000000000000e+03 2.117909999999999921e-04
8.117000000000000000e+03 2.110070000000000077e-04
8.118000000000000000e+03 2.102240000000000120e-04
8.119000000000000000e+03 2.094420000000000049e-04
8.120000000000000000e+03 2.086599999999999978e-04
8.121000000000000000e+03 2.078609999999999941e-04
8.122000000000000000e+03 2.070569999999999930e-04
8.123000000000000000e+03 2.062540000000000076e-04
8.124000000000000000e+03 2.054520000000000109e-04
8.125000000000000000e+03 2.046489999999999984e-04
8.126000000000000000e+03 2.038490000000000061e-04
8.127000000000000000e+03 2.030400000000000076e-04
8.128000000000000000e+03 2.022330000000000134e-04
8.129000000000000000e+03 2.014259999999999922e-04
8.130000000000000000e+03 2.006189999999999981e-04
8.131000000000000000e+03 1.998210000000000101e-04
8.132000000000000000e+03 1.990139999999999889e-04
8.133000000000000000e+03 1.982080000000000105e-04
8.134000000000000000e+03 1.974020000000000050e-04
8.135000000000000000e+03 1.965969999999999881e-04
8.136000000000000000e+03 1.957919999999999984e-04
8.137000000000000000e+03 1.949789999999999911e-04
8.138000000000000000e+03 1.941640000000000065e-04
8.139000000000000000e+03 1.933519999999999879e-04
8.140000000000000000e+03 1.925390000000000077e-04
8.141000000000000000e+03 1.917160000000000056e-04
8.142000000000000000e+03 1.908819999999999929e-04
8.143000000000000000e+03 1.900480000000000073e-04
8.144000000000000000e+03 1.892159999999999990e-04
8.145000000000000000e+03 1.883839999999999907e-04
8.146000000000000000e+03 1.875529999999999981e-04
8.147000000000000000e+03 1.867100000000000064e-04
8.148000000000000000e+03 1.858689999999999919e-04
8.149000000000000000e+03 1.850280000000000045e-04
8.150000000000000000e+03 1.841869999999999901e-04
8.151000000000000000e+03 1.833910000000000065e-04
8.152000000000000000e+03 1.825809999999999922e-04
8.153000000000000000e+03 1.817730000000000094e-04
8.154000000000000000e+03 1.809640000000000109e-04
8.155000000000000000e+03 1.801569999999999897e-04
8.156000000000000000e+03 1.793490000000000069e-04
8.157000000000000000e+03 1.785289999999999978e-04
8.158000000000000000e+03 1.777100000000000045e-04
8.159000000000000000e+03 1.768910000000000111e-04
8.160000000000000000e+03 1.760730000000000064e-04
8.161000000000000000e+03 1.751629999999999897e-04
8.162000000000000000e+03 1.742419999999999896e-04
8.163000000000000000e+03 1.733229999999999938e-04
8.164000000000000000e+03 1.724049999999999866e-04
8.165000000000000000e+03 1.714890000000000110e-04
8.166000000000000000e+03 1.705730000000000083e-04
8.167000000000000000e+03 1.696470000000000107e-04
8.168000000000000000e+03 1.687220000000000017e-04
8.169000000000000000e+03 1.677989999999999972e-04
8.170000000000000000e+03 1.668770000000000084e-04
8.171000000000000000e+03 1.660529999999999905e-04
8.172000000000000000e+03 1.652179999999999892e-04
8.173000000000000000e+03 1.643829999999999879e-04
8.174000000000000000e+03 1.635490000000000023e-04
8.175000000000000000e+03 1.627140000000000010e-04
8.176000000000000000e+03 1.618799999999999883e-04
8.177000000000000000e+03 1.610349999999999922e-04
8.178000000000000000e+03 1.601910000000000118e-04
8.179000000000000000e+03 1.593470000000000043e-04
8.180000000000000000e+03 1.585029999999999968e-04
8.181000000000000000e+03 1.576570000000000120e-04
8.182000000000000000e+03 1.568010000000000053e-04
8.183000000000000000e+03 1.559459999999999872e-04
8.184000000000000000e+03 1.550900000000000076e-04
8.185000000000000000e+03 1.542349999999999895e-04
8.186000000000000000e+03 1.533799999999999985e-04
8.187000000000000000e+03 1.525169999999999900e-04
8.188000000000000000e+03 1.516540000000000086e-04
8.189000000000000000e+03 1.507900000000000115e-04
8.190000000000000000e+03 1.499279999999999916e-04
8.191000000000000000e+03 1.490150000000000090e-04
8.192000000000000000e+03 1.480949999999999975e-04
8.193000000000000000e+03 1.471760000000000017e-04
8.194000000000000000e+03 1.462590000000000103e-04
8.195000000000000000e+03 1.453410000000000032e-04
8.196000000000000000e+03 1.444250000000000004e-04
8.197000000000000000e+03 1.435030000000000116e-04
8.198000000000000000e+03 1.425809999999999957e-04
8.199000000000000000e+03 1.416610000000000113e-04
8.200000000000000000e+03 1.407409999999999998e-04
8.201000000000000000e+03 1.398430000000000094e-04
8.202000000000000000e+03 1.389390000000000059e-04
8.203000000000000000e+03 1.380359999999999910e-04
8.204000000000000000e+03 1.371339999999999918e-04
8.205000000000000000e+03 1.362319999999999926e-04
8.206000000000000000e+03 1.353310000000000092e-04
8.207000000000000000e+03 1.344259999999999899e-04
8.208000000000000000e+03 1.335220000000000135e-04
8.209000000000000000e+03 1.326180000000000100e-04
8.210000000000000000e+03 1.317149999999999951e-04
8.211000000000000000e+03 1.308330000000000127e-04
8.212000000000000000e+03 1.299480000000000101e-04
8.213000000000000000e+03 1.290619999999999918e-04
8.214000000000000000e+03 1.281780000000000050e-04
8.215000000000000000e+03 1.272939999999999911e-04
8.216000000000000000e+03 1.264100000000000043e-04
8.217000000000000000e+03 1.255240000000000132e-04
8.218000000000000000e+03 1.246390000000000106e-04
8.219000000000000000e+03 1.237540000000000081e-04
8.220000000000000000e+03 1.228690000000000056e-04
8.221000000000000000e+03 1.219129999999999964e-04
8.222000000000000000e+03 1.209570000000000008e-04
8.223000000000000000e+03 1.200019999999999939e-04
8.224000000000000000e+03 1.190490000000000049e-04
8.225000000000000000e+03 1.180980000000000067e-04
8.226000000000000000e+03 1.171469999999999949e-04
8.227000000000000000e+03 1.161990000000000033e-04
8.228000000000000000e+03 1.152530000000000026e-04
8.229000000000000000e+03 1.143070000000000018e-04
8.230000000000000000e+03 1.133639999999999941e-04
8.231000000000000000e+03 1.124809999999999959e-04
8.232000000000000000e+03 1.116010000000000043e-04
8.233000000000000000e+03 1.107209999999999992e-04
8.234000000000000000e+03 1.098409999999999941e-04
8.235000000000000000e+03 1.089629999999999933e-04
8.236000000000000000e+03 1.080850000000000062e-04
8.237000000000000000e+03 1.072099999999999984e-04
8.238000000000000000e+03 1.063360000000000065e-04
8.239000000000000000e+03 1.054630000000000031e-04
8.240000000000000000e+03 1.045899999999999998e-04
8.241000000000000000e+03 1.036989999999999977e-04
8.242000000000000000e+03 1.028139999999999951e-04
8.243000000000000000e+03 1.019299999999999948e-04
8.244000000000000000e+03 1.010469999999999966e-04
8.245000000000000000e+03 1.001639999999999985e-04
8.246000000000000000e+03 9.928200000000000252e-05
8.247000000000000000e+03 9.840699999999999480e-05
8.248000000000000000e+03 9.753309999999999627e-05
8.249000000000000000e+03 9.665979999999999906e-05
8.250000000000000000e+03 9.578739999999999705e-05
8.251000000000000000e+03 9.492839999999999731e-05
8.252000000000000000e+03 9.407740000000000156e-05
8.253000000000000000e+03 9.322739999999999445e-05
8.254000000000000000e+03 9.237760000000000134e-05
8.255000000000000000e+03 9.152850000000000298e-05
8.256000000000000000e+03 9.067989999999999894e-05
8.257000000000000000e+03 8.984099999999999584e-05
8.258000000000000000e+03 8.900249999999999362e-05
8.259000000000000000e+03 8.816449999999999927e-05
8.260000000000000000e+03 8.732699999999999924e-05
8.261000000000000000e+03 8.648089999999999391e-05
8.262000000000000000e+03 8.564559999999999871e-05
8.263000000000000000e+03 8.481130000000000569e-05
8.264000000000000000e+03 8.397769999999999389e-05
8.265000000000000000e+03 8.314480000000000395e-05
8.266000000000000000e+03 8.231250000000000177e-05
8.267000000000000000e+03 8.149289999999999356e-05
8.268000000000000000e+03 8.067369999999999977e-05
8.269000000000000000e+03 7.985560000000000162e-05
8.270000000000000000e+03 7.903799999999999780e-05
8.271000000000000000e+03 7.822759999999999621e-05
8.272000000000000000e+03 7.743099999999999777e-05
8.273000000000000000e+03 7.663500000000000065e-05
8.274000000000000000e+03 7.583929999999999740e-05
8.275000000000000000e+03 7.504459999999999636e-05
8.276000000000000000e+03 7.425009999999999575e-05
8.277000000000000000e+03 7.347049999999999393e-05
8.278000000000000000e+03 7.269180000000000086e-05
8.279000000000000000e+03 7.191320000000000123e-05
8.280000000000000000e+03 7.113560000000000380e-05
8.281000000000000000e+03 7.035740000000000505e-05
8.282000000000000000e+03 6.959479999999999985e-05
8.283000000000000000e+03 6.883319999999999684e-05
