# FR853N
7.990000000000000000e+03 5.229969999999999666e-05
7.991000000000000000e+03 5.291619999999999999e-05
7.992000000000000000e+03 5.353230000000000244e-05
7.993000000000000000e+03 5.416860000000000175e-05
7.994000000000000000e+03 5.480450000000000019e-05
7.995000000000000000e+03 5.544019999999999818e-05
7.996000000000000000e+03 5.607590000000000296e-05
7.997000000000000000e+03 5.671089999999999942e-05
7.998000000000000000e+03 5.736579999999999886e-05
7.999000000000000000e+03 5.802029999999999742e-05
8.000000000000000000e+03 5.867440000000000188e-05
8.001000000000000000e+03 5.930820000000000249e-05
8.002000000000000000e+03 5.994120000000000134e-05
8.003000000000000000e+03 6.059270000000000010e-05
8.004000000000000000e+03 6.124319999999999666e-05
8.005000000000000000e+03 6.189319999999999891e-05
8.006000000000000000e+03 6.254250000000000640e-05
8.007000000000000000e+03 6.319099999999999858e-05
8.008000000000000000e+03 6.385690000000000181e-05
8.009000000000000000e+03 6.452220000000000373e-05
8.010000000000000000e+03 6.518679999999999733e-05
8.011000000000000000e+03 6.586139999999999931e-05
8.012000000000000000e+03 6.653539999999999997e-05
8.013000000000000000e+03 6.722639999999999725e-05
8.014000000000000000e+03 6.791680000000000677e-05
8.015000000000000000e+03 6.860669999999999486e-05
8.016000000000000000e+03 6.929610000000000218e-05
8.017000000000000000e+03 6.998489999999999464e-05
8.018000000000000000e+03 7.068969999999999507e-05
8.019000000000000000e+03 7.139389999999999419e-05
8.020000000000000000e+03 7.209750000000000555e-05
8.021000000000000000e+03 7.280920000000000078e-05
8.022000000000000000e+03 7.352049999999999514e-05
8.023000000000000000e+03 7.424679999999999529e-05
8.024000000000000000e+03 7.497300000000000199e-05
8.025000000000000000e+03 7.569850000000000038e-05
8.026000000000000000e+03 7.642370000000000489e-05
8.027000000000000000e+03 7.714849999999999497e-05
8.028000000000000000e+03 7.788759999999999607e-05
8.029000000000000000e+03 7.862600000000000242e-05
8.030000000000000000e+03 7.936430000000000177e-05
8.031000000000000000e+03 8.009229999999999887e-05
8.032000000000000000e+03 8.081949999999999421e-05
8.033000000000000000e+03 8.155999999999999838e-05
8.034000000000000000e+03 8.229979999999999425e-05
8.035000000000000000e+03 8.303880000000000191e-05
8.036000000000000000e+03 8.377719999999999471e-05
8.037000000000000000e+03 8.451529999999999362e-05
8.038000000000000000e+03 8.526480000000000398e-05
8.039000000000000000e+03 8.601380000000000646e-05
8.040000000000000000e+03 8.676219999999999408e-05
8.041000000000000000e+03 8.750940000000000617e-05
8.042000000000000000e+03 8.825629999999999727e-05
8.043000000000000000e+03 8.901370000000000463e-05
8.044000000000000000e+03 8.977020000000000323e-05
8.045000000000000000e+03 9.052630000000000095e-05
8.046000000000000000e+03 9.128190000000000436e-05
8.047000000000000000e+03 9.203659999999999901e-05
8.048000000000000000e+03 9.280070000000000072e-05
8.049000000000000000e+03 9.356400000000000068e-05
8.050000000000000000e+03 9.432689999999999977e-05
8.051000000000000000e+03 9.511520000000000033e-05
8.052000000000000000e+03 9.590300000000000658e-05
8.053000000000000000e+03 9.669980000000000546e-05
8.054000000000000000e+03 9.749589999999999602e-05
8.055000000000000000e+03 9.829209999999999358e-05
8.056000000000000000e+03 9.908799999999999726e-05
8.057000000000000000e+03 9.988350000000000006e-05
8.058000000000000000e+03 1.006869999999999933e-04
8.059000000000000000e+03 1.014890000000000036e-04
8.060000000000000000e+03 1.022920000000000025e-04
8.061000000000000000e+03 1.030400000000000028e-04
8.062000000000000000e+03 1.037859999999999987e-04
8.063000000000000000e+03 1.045379999999999942e-04
8.064000000000000000e+03 1.052890000000000011e-04
8.065000000000000000e+03 1.060390000000000058e-04
8.066000000000000000e+03 1.067870000000000060e-04
8.067000000000000000e+03 1.075350000000000063e-04
8.068000000000000000e+03 1.082870000000000019e-04
8.069000000000000000e+03 1.090370000000000065e-04
8.070000000000000000e+03 1.097869999999999977e-04
8.071000000000000000e+03 1.105940000000000053e-04
8.072000000000000000e+03 1.114009999999999995e-04
8.073000000000000000e+03 1.122110000000000002e-04
8.074000000000000000e+03 1.130210000000000009e-04
8.075000000000000000e+03 1.138310000000000016e-04
8.076000000000000000e+03 1.146400000000000001e-04
8.077000000000000000e+03 1.154500000000000009e-04
8.078000000000000000e+03 1.162610000000000038e-04
8.079000000000000000e+03 1.170729999999999953e-04
8.080000000000000000e+03 1.178839999999999982e-04
8.081000000000000000e+03 1.186749999999999979e-04
8.082000000000000000e+03 1.194639999999999933e-04
8.083000000000000000e+03 1.202550000000000065e-04
8.084000000000000000e+03 1.210450000000000040e-04
8.085000000000000000e+03 1.218350000000000016e-04
8.086000000000000000e+03 1.226239999999999969e-04
8.087000000000000000e+03 1.234130000000000058e-04
8.088000000000000000e+03 1.242009999999999989e-04
8.089000000000000000e+03 1.249889999999999920e-04
8.090000000000000000e+03 1.257759999999999965e-04
8.091000000000000000e+03 1.265290000000000078e-04
8.092000000000000000e+03 1.272819999999999919e-04
8.093000000000000000e+03 1.280320000000000102e-04
8.094000000000000000e+03 1.287810000000000126e-04
8.095000000000000000e+03 1.295299999999999880e-04
8.096000000000000000e+03 1.302770000000000132e-04
8.097000000000000000e+03 1.310240000000000113e-04
8.098000000000000000e+03 1.317679999999999893e-04
8.099000000000000000e+03 1.325099999999999900e-04
8.100000000000000000e+03 1.332519999999999907e-04
8.101000000000000000e+03 1.340520000000000101e-04
8.102000000000000000e+03 1.348520000000000025e-04
8.103000000000000000e+03 1.356490000000000018e-04
8.104000000000000000e+03 1.364450000000000125e-04
8.105000000000000000e+03 1.372409999999999960e-04
8.106000000000000000e+03 1.380359999999999910e-04
8.107000000000000000e+03 1.388320000000000016e-04
8.108000000000000000e+03 1.396219999999999991e-04
8.109000000000000000e+03 1.404130000000000124e-04
8.110000000000000000e+03 1.412030000000000099e-04
8.111000000000000000e+03 1.419629999999999959e-04
8.112000000000000000e+03 1.427210000000000045e-04
8.113000000000000000e+03 1.434730000000000001e-04
8.114000000000000000e+03 1.442249999999999956e-04
8.115000000000000000e+03 1.449760000000000024e-04
8.116000000000000000e+03 1.457279999999999979e-04
8.117000000000000000e+03 1.464770000000000004e-04
8.118000000000000000e+03 1.472210000000000055e-04
8.119000000000000000e+03 1.479630000000000062e-04
8.120000000000000000e+03 1.487050000000000069e-04
8.121000000000000000e+03 1.494339999999999926e-04
8.122000000000000000e+03 1.501630000000000055e-04
8.123000000000000000e+03 1.508830000000000121e-04
8.124000000000000000e+03 1.516020000000000030e-04
8.125000000000000000e+03 1.523209999999999939e-04
8.126000000000000000e+03 1.530389999999999962e-04
8.127000000000000000e+03 1.537560000000000099e-04
8.128000000000000000e+03 1.544650000000000059e-04
8.129000000000000000e+03 1.551730000000000134e-04
8.130000000000000000e+03 1.558800000000000051e-04
8.131000000000000000e+03 1.565919999999999942e-04
8.132000000000000000e+03 1.573040000000000104e-04
8.133000000000000000e+03 1.580060000000000047e-04
8.134000000000000000e+03 1.587070000000000104e-04
8.135000000000000000e+03 1.594079999999999889e-04
8.136000000000000000e+03 1.601080000000000060e-04
8.137000000000000000e+03 1.608079999999999959e-04
8.138000000000000000e+03 1.614959999999999866e-04
8.139000000000000000e+03 1.621849999999999930e-04
8.140000000000000000e+03 1.628730000000000108e-04
8.141000000000000000e+03 1.635499999999999910e-04
8.142000000000000000e+03 1.642269999999999982e-04
8.143000000000000000e+03 1.648920000000000062e-04
8.144000000000000000e+03 1.655580000000000029e-04
8.145000000000000000e+03 1.662219999999999952e-04
8.146000000000000000e+03 1.668849999999999988e-04
8.147000000000000000e+03 1.675480000000000025e-04
8.148000000000000000e+03 1.681990000000000069e-04
8.149000000000000000e+03 1.688500000000000114e-04
8.150000000000000000e+03 1.694990000000000114e-04
8.151000000000000000e+03 1.701879999999999908e-04
8.152000000000000000e+03 1.708749999999999928e-04
8.153000000000000000e+03 1.715520000000000001e-04
8.154000000000000000e+03 1.722270000000000029e-04
8.155000000000000000e+03 1.729029999999999944e-04
8.156000000000000000e+03 1.735779999999999973e-04
8.157000000000000000e+03 1.742520000000000115e-04
8.158000000000000000e+03 1.749139999999999994e-04
8.159000000000000000e+03 1.755759999999999873e-04
8.160000000000000000e+03 1.762380000000000023e-04
8.161000000000000000e+03 1.768060000000000009e-04
8.162000000000000000e+03 1.773739999999999995e-04
8.163000000000000000e+03 1.779290000000000103e-04
8.164000000000000000e+03 1.784819999999999896e-04
8.165000000000000000e+03 1.790349999999999960e-04
8.166000000000000000e+03 1.795869999999999867e-04
8.167000000000000000e+03 1.801370000000000000e-04
8.168000000000000000e+03 1.806739999999999984e-04
8.169000000000000000e+03 1.812109999999999969e-04
8.170000000000000000e+03 1.817450000000000023e-04
8.171000000000000000e+03 1.823860000000000119e-04
8.172000000000000000e+03 1.830260000000000057e-04
8.173000000000000000e+03 1.836540000000000004e-04
8.174000000000000000e+03 1.842819999999999951e-04
8.175000000000000000e+03 1.849080000000000125e-04
8.176000000000000000e+03 1.855349999999999914e-04
8.177000000000000000e+03 1.861610000000000088e-04
8.178000000000000000e+03 1.867749999999999998e-04
8.179000000000000000e+03 1.873880000000000023e-04
8.180000000000000000e+03 1.880010000000000047e-04
8.181000000000000000e+03 1.886109999999999870e-04
8.182000000000000000e+03 1.892189999999999920e-04
8.183000000000000000e+03 1.898159999999999865e-04
8.184000000000000000e+03 1.904119999999999923e-04
8.185000000000000000e+03 1.910079999999999981e-04
8.186000000000000000e+03 1.916029999999999882e-04
8.187000000000000000e+03 1.921989999999999940e-04
8.188000000000000000e+03 1.927809999999999962e-04
8.189000000000000000e+03 1.933629999999999984e-04
8.190000000000000000e+03 1.939459999999999893e-04
8.191000000000000000e+03 1.944620000000000094e-04
8.192000000000000000e+03 1.949780000000000024e-04
8.193000000000000000e+03 1.954810000000000076e-04
8.194000000000000000e+03 1.959840000000000128e-04
8.195000000000000000e+03 1.964860000000000022e-04
8.196000000000000000e+03 1.969879999999999917e-04
8.197000000000000000e+03 1.974880000000000038e-04
8.198000000000000000e+03 1.979779999999999940e-04
8.199000000000000000e+03 1.984660000000000070e-04
8.200000000000000000e+03 1.989539999999999928e-04
8.201000000000000000e+03 1.994700000000000130e-04
8.202000000000000000e+03 1.999869999999999946e-04
8.203000000000000000e+03 2.004920000000000042e-04
8.204000000000000000e+03 2.009959999999999980e-04
8.205000000000000000e+03 2.015010000000000076e-04
8.206000000000000000e+03 2.020050000000000014e-04
8.207000000000000000e+03 2.025080000000000066e-04
8.208000000000000000e+03 2.030020000000000056e-04
8.209000000000000000e+03 2.034949999999999888e-04
8.210000000000000000e+03 2.039870000000000105e-04
8.211000000000000000e+03 2.045120000000000098e-04
8.212000000000000000e+03 2.050359999999999932e-04
8.213000000000000000e+03 2.055500000000000090e-04
8.214000000000000000e+03 2.060660000000000020e-04
8.215000000000000000e+03 2.065799999999999906e-04
8.216000000000000000e+03 2.070949999999999950e-04
8.217000000000000000e+03 2.076090000000000108e-04
8.218000000000000000e+03 2.081159999999999976e-04
8.219000000000000000e+03 2.086230000000000116e-04
8.220000000000000000e+03 2.091299999999999984e-04
8.221000000000000000e+03 2.095119999999999958e-04
8.222000000000000000e+03 2.098930000000000045e-04
8.223000000000000000e+03 2.102689999999999887e-04
8.224000000000000000e+03 2.106429999999999956e-04
8.225000000000000000e+03 2.110179999999999912e-04
8.226000000000000000e+03 2.113910000000000095e-04
8.227000000000000000e+03 2.117630000000000120e-04
8.228000000000000000e+03 2.121330000000000101e-04
8.229000000000000000e+03 2.124999999999999882e-04
8.230000000000000000e+03 2.128680000000000090e-04
8.231000000000000000e+03 2.133469999999999887e-04
8.232000000000000000e+03 2.138270000000000112e-04
8.233000000000000000e+03 2.143070000000000066e-04
8.234000000000000000e+03 2.147860000000000134e-04
8.235000000000000000e+03 2.152649999999999930e-04
8.236000000000000000e+03 2.157439999999999998e-04
8.237000000000000000e+03 2.162219999999999908e-04
8.238000000000000000e+03 2.167039999999999906e-04
8.239000000000000000e+03 2.171850000000000017e-04
8.240000000000000000e+03 2.176660000000000129e-04
8.241000000000000000e+03 2.181089999999999949e-04
8.242000000000000000e+03 2.185499999999999997e-04
8.243000000000000000e+03 2.190000000000000106e-04
8.244000000000000000e+03 2.194479999999999901e-04
8.245000000000000000e+03 2.198950000000000080e-04
8.246000000000000000e+03 2.203429999999999874e-04
8.247000000000000000e+03 2.207900000000000054e-04
8.248000000000000000e+03 2.212489999999999954e-04
8.249000000000000000e+03 2.217069999999999967e-04
8.250000000000000000e+03 2.221649999999999981e-04
8.251000000000000000e+03 2.226519999999999953e-04
8.252000000000000000e+03 2.231389999999999925e-04
8.253000000000000000e+03 2.236440000000000021e-04
8.254000000000000000e+03 2.241479999999999959e-04
8.255000000000000000e+03 2.246519999999999897e-04
8.256000000000000000e+03 2.251549999999999949e-04
8.257000000000000000e+03 2.256589999999999887e-04
8.258000000000000000e+03 2.261870000000000081e-04
8.259000000000000000e+03 2.267140000000000117e-04
8.260000000000000000e+03 2.272409999999999881e-04
8.261000000000000000e+03 2.277430000000000047e-04
8.262000000000000000e+03 2.282440000000000055e-04
8.263000000000000000e+03 2.287789999999999995e-04
8.264000000000000000e+03 2.293139999999999935e-04
8.265000000000000000e+03 2.298470000000000103e-04
8.266000000000000000e+03 2.303799999999999999e-04
8.267000000000000000e+03 2.309129999999999896e-04
8.268000000000000000e+03 2.314890000000000057e-04
8.269000000000000000e+03 2.320660000000000106e-04
8.270000000000000000e+03 2.326410000000000110e-04
8.271000000000000000e+03 2.332350000000000124e-04
8.272000000000000000e+03 2.338289999999999867e-04
8.273000000000000000e+03 2.344799999999999912e-04
8.274000000000000000e+03 2.351300000000000070e-04
8.275000000000000000e+03 2.357799999999999957e-04
8.276000000000000000e+03 2.364289999999999957e-04
8.277000000000000000e+03 2.370779999999999958e-04
8.278000000000000000e+03 2.378000000000000068e-04
8.279000000000000000e+03 2.385200000000000135e-04
8.280000000000000000e+03 2.392410000000000088e-04
8.281000000000000000e+03 2.399579999999999953e-04
8.282000000000000000e+03 2.406719999999999888e-04
8.283000000000000000e+03 2.414799999999999987e-04
8.284000000000000000e+03 2.422880000000000086e-04
8.285000000000000000e+03 2.430939999999999870e-04
8.286000000000000000e+03 2.438999999999999925e-04
8.287000000000000000e+03 2.447050000000000093e-04
8.288000000000000000e+03 2.456269999999999981e-04
8.289000000000000000e+03 2.465489999999999869e-04
8.290000000000000000e+03 2.474689999999999984e-04
8.291000000000000000e+03 2.483159999999999990e-04
8.292000000000000000e+03 2.491619999999999838e-04
8.293000000000000000e+03 2.501550000000000063e-04
8.294000000000000000e+03 2.511470000000000130e-04
8.295000000000000000e+03 2.521369999999999883e-04
8.296000000000000000e+03 2.531249999999999863e-04
8.297000000000000000e+03 2.541120000000000228e-04
8.298000000000000000e+03 2.552839999999999905e-04
8.299000000000000000e+03 2.564530000000000195e-04
8.300000000000000000e+03 2.576209999999999785e-04
8.301000000000000000e+03 2.588399999999999816e-04
8.302000000000000000e+03 2.600589999999999846e-04
8.303000000000000000e+03 2.615100000000000085e-04
8.304000000000000000e+03 2.629609999999999782e-04
8.305000000000000000e+03 2.644079999999999933e-04
8.306000000000000000e+03 2.658560000000000242e-04
8.307000000000000000e+03 2.673010000000000078e-04
8.308000000000000000e+03 2.690409999999999742e-04
8.309000000000000000e+03 2.707790000000000175e-04
8.310000000000000000e+03 2.725140000000000136e-04
8.311000000000000000e+03 2.742469999999999782e-04
8.312000000000000000e+03 2.759750000000000267e-04
8.313000000000000000e+03 2.780780000000000166e-04
8.314000000000000000e+03 2.801769999999999977e-04
8.315000000000000000e+03 2.822740000000000015e-04
8.316000000000000000e+03 2.843699999999999895e-04
8.317000000000000000e+03 2.864629999999999846e-04
8.318000000000000000e+03 2.890260000000000073e-04
8.319000000000000000e+03 2.915880000000000143e-04
8.320000000000000000e+03 2.941469999999999740e-04
8.321000000000000000e+03 2.967600000000000251e-04
8.322000000000000000e+03 2.993720000000000062e-04
8.323000000000000000e+03 3.025850000000000176e-04
8.324000000000000000e+03 3.057949999999999818e-04
8.325000000000000000e+03 3.090050000000000002e-04
8.326000000000000000e+03 3.122120000000000255e-04
8.327000000000000000e+03 3.154170000000000194e-04
8.328000000000000000e+03 3.193919999999999941e-04
8.329000000000000000e+03 3.233639999999999757e-04
8.330000000000000000e+03 3.273330000000000185e-04
8.331000000000000000e+03 3.312149999999999925e-04
8.332000000000000000e+03 3.350919999999999962e-04
8.333000000000000000e+03 3.399569999999999979e-04
8.334000000000000000e+03 3.448149999999999978e-04
8.335000000000000000e+03 3.496689999999999889e-04
8.336000000000000000e+03 3.545150000000000167e-04
8.337000000000000000e+03 3.593569999999999816e-04
8.338000000000000000e+03 3.654740000000000180e-04
8.339000000000000000e+03 3.715839999999999985e-04
8.340000000000000000e+03 3.776860000000000156e-04
8.341000000000000000e+03 3.838749999999999931e-04
8.342000000000000000e+03 3.900590000000000003e-04
8.343000000000000000e+03 3.979049999999999926e-04
8.344000000000000000e+03 4.057460000000000146e-04
8.345000000000000000e+03 4.135820000000000121e-04
8.346000000000000000e+03 4.214110000000000078e-04
8.347000000000000000e+03 4.292359999999999947e-04
8.348000000000000000e+03 4.392369999999999825e-04
8.349000000000000000e+03 4.492319999999999842e-04
8.350000000000000000e+03 4.592190000000000226e-04
8.351000000000000000e+03 4.691580000000000099e-04
8.352000000000000000e+03 4.790870000000000024e-04
8.353000000000000000e+03 4.918840000000000495e-04
8.354000000000000000e+03 5.046690000000000160e-04
8.355000000000000000e+03 5.174420000000000104e-04
8.356000000000000000e+03 5.302059999999999716e-04
8.357000000000000000e+03 5.429579999999999606e-04
8.358000000000000000e+03 5.595209999999999984e-04
8.359000000000000000e+03 5.760680000000000011e-04
8.360000000000000000e+03 5.925999999999999844e-04
8.361000000000000000e+03 6.091169999999999484e-04
8.362000000000000000e+03 6.256190000000000015e-04
8.363000000000000000e+03 6.472220000000000317e-04
8.364000000000000000e+03 6.688049999999999638e-04
8.365000000000000000e+03 6.903680000000000146e-04
8.366000000000000000e+03 7.119129999999999989e-04
8.367000000000000000e+03 7.334379999999999936e-04
8.368000000000000000e+03 7.618489999999999897e-04
8.369000000000000000e+03 7.902329999999999945e-04
8.370000000000000000e+03 8.185920000000000392e-04
8.371000000000000000e+03 8.467410000000000301e-04
8.372000000000000000e+03 8.748469999999999944e-04
8.373000000000000000e+03 9.123140000000000069e-04
8.374000000000000000e+03 9.497309999999999910e-04
8.375000000000000000e+03 9.870960000000000237e-04
8.376000000000000000e+03 1.024409999999999904e-03
8.377000000000000000e+03 1.061679999999999959e-03
8.378000000000000000e+03 1.111800000000000028e-03
8.379000000000000000e+03 1.161850000000000079e-03
8.380000000000000000e+03 1.211840000000000053e-03
8.381000000000000000e+03 1.262220000000000095e-03
8.382000000000000000e+03 1.312580000000000040e-03
8.383000000000000000e+03 1.380809999999999893e-03
8.384000000000000000e+03 1.449020000000000082e-03
8.385000000000000000e+03 1.517169999999999977e-03
8.386000000000000000e+03 1.585290000000000050e-03
8.387000000000000000e+03 1.653369999999999927e-03
8.388000000000000000e+03 1.746549999999999925e-03
8.389000000000000000e+03 1.839670000000000064e-03
8.390000000000000000e+03 1.932740000000000066e-03
8.391000000000000000e+03 2.026050000000000160e-03
8.392000000000000000e+03 2.119329999999999999e-03
8.393000000000000000e+03 2.248260000000000189e-03
8.394000000000000000e+03 2.377139999999999809e-03
8.395000000000000000e+03 2.505990000000000040e-03
8.396000000000000000e+03 2.634800000000000076e-03
8.397000000000000000e+03 2.763569999999999915e-03
8.398000000000000000e+03 2.943480000000000055e-03
8.399000000000000000e+03 3.123320000000000176e-03
8.400000000000000000e+03 3.303120000000000101e-03
8.401000000000000000e+03 3.480519999999999968e-03
8.402000000000000000e+03 3.657619999999999882e-03
8.403000000000000000e+03 3.908449999999999945e-03
8.404000000000000000e+03 4.158850000000000394e-03
8.405000000000000000e+03 4.408849999999999748e-03
8.406000000000000000e+03 4.658429999999999863e-03
8.407000000000000000e+03 4.907599999999999810e-03
8.408000000000000000e+03 5.264340000000000165e-03
8.409000000000000000e+03 5.620479999999999747e-03
8.410000000000000000e+03 5.976020000000000290e-03
8.411000000000000000e+03 6.332570000000000039e-03
8.412000000000000000e+03 6.688699999999999680e-03
8.413000000000000000e+03 7.203369999999999738e-03
8.414000000000000000e+03 7.717439999999999890e-03
8.415000000000000000e+03 8.230919999999999209e-03
8.416000000000000000e+03 8.743799999999999489e-03
8.417000000000000000e+03 9.256059999999999982e-03
8.418000000000000000e+03 1.000299999999999974e-02
8.419000000000000000e+03 1.074909999999999928e-02
8.420000000000000000e+03 1.149430000000000070e-02
8.421000000000000000e+03 1.223950000000000038e-02
8.422000000000000000e+03 1.298389999999999961e-02
8.423000000000000000e+03 1.407570000000000002e-02
8.424000000000000000e+03 1.516649999999999943e-02
8.425000000000000000e+03 1.625619999999999843e-02
8.426000000000000000e+03 1.734470000000000109e-02
8.427000000000000000e+03 1.843209999999999987e-02
8.428000000000000000e+03 2.002929999999999988e-02
8.429000000000000000e+03 2.162479999999999958e-02
8.430000000000000000e+03 2.321869999999999837e-02
8.431000000000000000e+03 2.480430000000000135e-02
8.432000000000000000e+03 2.638719999999999954e-02
8.433000000000000000e+03 2.869829999999999950e-02
8.434000000000000000e+03 3.100580000000000003e-02
8.435000000000000000e+03 3.330949999999999883e-02
8.436000000000000000e+03 3.560959999999999820e-02
8.437000000000000000e+03 3.790600000000000219e-02
8.438000000000000000e+03 4.119149999999999895e-02
8.439000000000000000e+03 4.447190000000000171e-02
8.440000000000000000e+03 4.774690000000000184e-02
8.441000000000000000e+03 5.103230000000000266e-02
8.442000000000000000e+03 5.431459999999999760e-02
8.443000000000000000e+03 5.882350000000000079e-02
8.444000000000000000e+03 6.332799999999999541e-02
8.445000000000000000e+03 6.782779999999999365e-02
8.446000000000000000e+03 7.232339999999999602e-02
8.447000000000000000e+03 7.681469999999999965e-02
8.448000000000000000e+03 8.258980000000000488e-02
8.449000000000000000e+03 8.835959999999999648e-02
8.450000000000000000e+03 9.412389999999999646e-02
8.451000000000000000e+03 9.987429999999999919e-02
8.452000000000000000e+03 1.056180000000000035e-01
8.453000000000000000e+03 1.123230000000000062e-01
8.454000000000000000e+03 1.190210000000000018e-01
8.455000000000000000e+03 1.257109999999999894e-01
8.456000000000000000e+03 1.323930000000000107e-01
8.457000000000000000e+03 1.390679999999999972e-01
8.458000000000000000e+03 1.459310000000000052e-01
8.459000000000000000e+03 1.527870000000000061e-01
8.460000000000000000e+03 1.596349999999999991e-01
8.461000000000000000e+03 1.664650000000000019e-01
8.462000000000000000e+03 1.732859999999999956e-01
8.463000000000000000e+03 1.793319999999999914e-01
8.464000000000000000e+03 1.853720000000000090e-01
8.465000000000000000e+03 1.914019999999999888e-01
8.466000000000000000e+03 1.974259999999999904e-01
8.467000000000000000e+03 2.034410000000000107e-01
8.468000000000000000e+03 2.079979999999999885e-01
8.469000000000000000e+03 2.125499999999999889e-01
8.470000000000000000e+03 2.170950000000000102e-01
8.471000000000000000e+03 2.216549999999999909e-01
8.472000000000000000e+03 2.262099999999999944e-01
8.473000000000000000e+03 2.291739999999999888e-01
8.474000000000000000e+03 2.321360000000000090e-01
8.475000000000000000e+03 2.350949999999999984e-01
8.476000000000000000e+03 2.380490000000000106e-01
8.477000000000000000e+03 2.410009999999999930e-01
8.478000000000000000e+03 2.426580000000000126e-01
8.479000000000000000e+03 2.443120000000000014e-01
8.480000000000000000e+03 2.459659999999999902e-01
8.481000000000000000e+03 2.477090000000000125e-01
8.482000000000000000e+03 2.494520000000000071e-01
8.483000000000000000e+03 2.503319999999999990e-01
8.484000000000000000e+03 2.512110000000000176e-01
8.485000000000000000e+03 2.520910000000000095e-01
8.486000000000000000e+03 2.529689999999999994e-01
8.487000000000000000e+03 2.538469999999999893e-01
8.488000000000000000e+03 2.542289999999999828e-01
8.489000000000000000e+03 2.546120000000000050e-01
8.490000000000000000e+03 2.549930000000000252e-01
8.491000000000000000e+03 2.552099999999999924e-01
8.492000000000000000e+03 2.554259999999999864e-01
8.493000000000000000e+03 2.553900000000000059e-01
8.494000000000000000e+03 2.553549999999999986e-01
8.495000000000000000e+03 2.553190000000000182e-01
8.496000000000000000e+03 2.552820000000000089e-01
8.497000000000000000e+03 2.552459999999999729e-01
8.498000000000000000e+03 2.550970000000000182e-01
8.499000000000000000e+03 2.549469999999999792e-01
8.500000000000000000e+03 2.547980000000000245e-01
8.501000000000000000e+03 2.547180000000000000e-01
8.502000000000000000e+03 2.546379999999999755e-01
8.503000000000000000e+03 2.545129999999999892e-01
8.504000000000000000e+03 2.543889999999999763e-01
8.505000000000000000e+03 2.542650000000000188e-01
8.506000000000000000e+03 2.541399999999999770e-01
8.507000000000000000e+03 2.540140000000000176e-01
8.508000000000000000e+03 2.538750000000000173e-01
8.509000000000000000e+03 2.537360000000000171e-01
8.510000000000000000e+03 2.535970000000000169e-01
8.511000000000000000e+03 2.534890000000000199e-01
8.512000000000000000e+03 2.533819999999999961e-01
8.513000000000000000e+03 2.532710000000000239e-01
8.514000000000000000e+03 2.531599999999999961e-01
8.515000000000000000e+03 2.530479999999999952e-01
8.516000000000000000e+03 2.529379999999999962e-01
8.517000000000000000e+03 2.528259999999999952e-01
8.518000000000000000e+03 2.527150000000000230e-01
8.519000000000000000e+03 2.526019999999999932e-01
8.520000000000000000e+03 2.524890000000000190e-01
8.521000000000000000e+03 2.523590000000000000e-01
8.522000000000000000e+03 2.522289999999999810e-01
8.523000000000000000e+03 2.520990000000000175e-01
8.524000000000000000e+03 2.519689999999999985e-01
8.525000000000000000e+03 2.518380000000000063e-01
8.526000000000000000e+03 2.517079999999999873e-01
8.527000000000000000e+03 2.515769999999999951e-01
8.528000000000000000e+03 2.514460000000000028e-01
8.529000000000000000e+03 2.513159999999999838e-01
8.530000000000000000e+03 2.511849999999999916e-01
8.531000000000000000e+03 2.509859999999999869e-01
8.532000000000000000e+03 2.507889999999999842e-01
8.533000000000000000e+03 2.505899999999999794e-01
8.534000000000000000e+03 2.503920000000000035e-01
8.535000000000000000e+03 2.501929999999999987e-01
8.536000000000000000e+03 2.499949999999999950e-01
8.537000000000000000e+03 2.497959999999999903e-01
8.538000000000000000e+03 2.495989999999999875e-01
8.539000000000000000e+03 2.494010000000000116e-01
8.540000000000000000e+03 2.492020000000000068e-01
8.541000000000000000e+03 2.490829999999999989e-01
8.542000000000000000e+03 2.489629999999999899e-01
8.543000000000000000e+03 2.488440000000000096e-01
8.544000000000000000e+03 2.487229999999999996e-01
8.545000000000000000e+03 2.486029999999999907e-01
8.546000000000000000e+03 2.484830000000000094e-01
8.547000000000000000e+03 2.483630000000000004e-01
8.548000000000000000e+03 2.482399999999999884e-01
8.549000000000000000e+03 2.481170000000000042e-01
8.550000000000000000e+03 2.479939999999999922e-01
8.551000000000000000e+03 2.478460000000000107e-01
8.552000000000000000e+03 2.476970000000000005e-01
8.553000000000000000e+03 2.475370000000000070e-01
8.554000000000000000e+03 2.473779999999999868e-01
8.555000000000000000e+03 2.472189999999999943e-01
8.556000000000000000e+03 2.470590000000000008e-01
8.557000000000000000e+03 2.468990000000000073e-01
8.558000000000000000e+03 2.467040000000000066e-01
8.559000000000000000e+03 2.465090000000000059e-01
8.560000000000000000e+03 2.463150000000000062e-01
8.561000000000000000e+03 2.461319999999999897e-01
8.562000000000000000e+03 2.459510000000000030e-01
8.563000000000000000e+03 2.456770000000000065e-01
8.564000000000000000e+03 2.454030000000000100e-01
8.565000000000000000e+03 2.451299999999999868e-01
8.566000000000000000e+03 2.448559999999999903e-01
8.567000000000000000e+03 2.445829999999999949e-01
8.568000000000000000e+03 2.441020000000000134e-01
8.569000000000000000e+03 2.436220000000000052e-01
8.570000000000000000e+03 2.431419999999999970e-01
8.571000000000000000e+03 2.426449999999999996e-01
8.572000000000000000e+03 2.421480000000000021e-01
8.573000000000000000e+03 2.412360000000000060e-01
8.574000000000000000e+03 2.403250000000000108e-01
8.575000000000000000e+03 2.394129999999999869e-01
8.576000000000000000e+03 2.385039999999999938e-01
8.577000000000000000e+03 2.375950000000000006e-01
8.578000000000000000e+03 2.359509999999999941e-01
8.579000000000000000e+03 2.343079999999999885e-01
8.580000000000000000e+03 2.326680000000000137e-01
8.581000000000000000e+03 2.310200000000000031e-01
8.582000000000000000e+03 2.293749999999999956e-01
8.583000000000000000e+03 2.265999999999999959e-01
8.584000000000000000e+03 2.238269999999999982e-01
8.585000000000000000e+03 2.210590000000000055e-01
8.586000000000000000e+03 2.182939999999999880e-01
8.587000000000000000e+03 2.155320000000000014e-01
8.588000000000000000e+03 2.113279999999999881e-01
8.589000000000000000e+03 2.071290000000000076e-01
8.590000000000000000e+03 2.029360000000000053e-01
8.591000000000000000e+03 1.987569999999999892e-01
8.592000000000000000e+03 1.945830000000000060e-01
8.593000000000000000e+03 1.889969999999999983e-01
8.594000000000000000e+03 1.834169999999999967e-01
8.595000000000000000e+03 1.778440000000000021e-01
8.596000000000000000e+03 1.722760000000000125e-01
8.597000000000000000e+03 1.667160000000000031e-01
8.598000000000000000e+03 1.602810000000000068e-01
8.599000000000000000e+03 1.538529999999999898e-01
8.600000000000000000e+03 1.474320000000000075e-01
8.601000000000000000e+03 1.410250000000000115e-01
8.602000000000000000e+03 1.346249999999999947e-01
8.603000000000000000e+03 1.282230000000000036e-01
8.604000000000000000e+03 1.218280000000000057e-01
8.605000000000000000e+03 1.154410000000000019e-01
8.606000000000000000e+03 1.090610000000000052e-01
8.607000000000000000e+03 1.026890000000000025e-01
8.608000000000000000e+03 9.709460000000000313e-02
8.609000000000000000e+03 9.150740000000000263e-02
8.610000000000000000e+03 8.592660000000000575e-02
8.611000000000000000e+03 8.035399999999999487e-02
8.612000000000000000e+03 7.478750000000000675e-02
8.613000000000000000e+03 7.038020000000000387e-02
8.614000000000000000e+03 6.597790000000000599e-02
8.615000000000000000e+03 6.158050000000000329e-02
8.616000000000000000e+03 5.718789999999999984e-02
8.617000000000000000e+03 5.280010000000000259e-02
8.618000000000000000e+03 4.956660000000000232e-02
8.619000000000000000e+03 4.633690000000000031e-02
8.620000000000000000e+03 4.311079999999999773e-02
8.621000000000000000e+03 3.988139999999999741e-02
8.622000000000000000e+03 3.665670000000000039e-02
8.623000000000000000e+03 3.438139999999999946e-02
8.624000000000000000e+03 3.210949999999999915e-02
8.625000000000000000e+03 2.984080000000000066e-02
8.626000000000000000e+03 2.757549999999999932e-02
8.627000000000000000e+03 2.531349999999999920e-02
8.628000000000000000e+03 2.375359999999999971e-02
8.629000000000000000e+03 2.219590000000000105e-02
8.630000000000000000e+03 2.064039999999999972e-02
8.631000000000000000e+03 1.908860000000000071e-02
8.632000000000000000e+03 1.753870000000000082e-02
8.633000000000000000e+03 1.647929999999999881e-02
8.634000000000000000e+03 1.542119999999999949e-02
8.635000000000000000e+03 1.436459999999999994e-02
8.636000000000000000e+03 1.330929999999999960e-02
8.637000000000000000e+03 1.225550000000000077e-02
8.638000000000000000e+03 1.153490000000000071e-02
8.639000000000000000e+03 1.081520000000000051e-02
8.640000000000000000e+03 1.009640000000000017e-02
8.641000000000000000e+03 9.379969999999999627e-03
8.642000000000000000e+03 8.664289999999999839e-03
8.643000000000000000e+03 8.172250000000000694e-03
8.644000000000000000e+03 7.680760000000000018e-03
8.645000000000000000e+03 7.189759999999999901e-03
8.646000000000000000e+03 6.699319999999999928e-03
8.647000000000000000e+03 6.209390000000000395e-03
8.648000000000000000e+03 5.869639999999999753e-03
8.649000000000000000e+03 5.530219999999999754e-03
8.650000000000000000e+03 5.191180000000000100e-03
8.651000000000000000e+03 4.852229999999999911e-03
8.652000000000000000e+03 4.513670000000000009e-03
8.653000000000000000e+03 4.276409999999999587e-03
8.654000000000000000e+03 4.039420000000000163e-03
8.655000000000000000e+03 3.802709999999999944e-03
8.656000000000000000e+03 3.566290000000000172e-03
8.657000000000000000e+03 3.330159999999999978e-03
8.658000000000000000e+03 3.162850000000000036e-03
8.659000000000000000e+03 2.995729999999999834e-03
8.660000000000000000e+03 2.828830000000000060e-03
8.661000000000000000e+03 2.662180000000000102e-03
8.662000000000000000e+03 2.495719999999999883e-03
8.663000000000000000e+03 2.376479999999999825e-03
8.664000000000000000e+03 2.257369999999999863e-03
8.665000000000000000e+03 2.138399999999999936e-03
8.666000000000000000e+03 2.019570000000000046e-03
8.667000000000000000e+03 1.900879999999999974e-03
8.668000000000000000e+03 1.814910000000000091e-03
8.669000000000000000e+03 1.729040000000000047e-03
8.670000000000000000e+03 1.643280000000000001e-03
8.671000000000000000e+03 1.557479999999999976e-03
8.672000000000000000e+03 1.471780000000000007e-03
8.673000000000000000e+03 1.409029999999999918e-03
8.674000000000000000e+03 1.346360000000000005e-03
8.675000000000000000e+03 1.283779999999999991e-03
8.676000000000000000e+03 1.221279999999999935e-03
8.677000000000000000e+03 1.158860000000000055e-03
8.678000000000000000e+03 1.112680000000000006e-03
8.679000000000000000e+03 1.066560000000000034e-03
8.680000000000000000e+03 1.020499999999999923e-03
8.681000000000000000e+03 9.745109999999999537e-04
8.682000000000000000e+03 9.285819999999999535e-04
8.683000000000000000e+03 8.942600000000000202e-04
8.684000000000000000e+03 8.599859999999999753e-04
8.685000000000000000e+03 8.257559999999999727e-04
8.686000000000000000e+03 7.915729999999999511e-04
8.687000000000000000e+03 7.574339999999999719e-04
8.688000000000000000e+03 7.316799999999999606e-04
8.689000000000000000e+03 7.059559999999999880e-04
8.690000000000000000e+03 6.802699999999999633e-04
8.691000000000000000e+03 6.547659999999999852e-04
8.692000000000000000e+03 6.292799999999999653e-04
8.693000000000000000e+03 6.099019999999999485e-04
8.694000000000000000e+03 5.905399999999999669e-04
8.695000000000000000e+03 5.711969999999999591e-04
8.696000000000000000e+03 5.518699999999999864e-04
8.697000000000000000e+03 5.325560000000000016e-04
8.698000000000000000e+03 5.177429999999999793e-04
8.699000000000000000e+03 5.029410000000000217e-04
8.700000000000000000e+03 4.881539999999999751e-04
8.701000000000000000e+03 4.732170000000000061e-04
8.702000000000000000e+03 4.583030000000000198e-04
8.703000000000000000e+03 4.467350000000000249e-04
8.704000000000000000e+03 4.351849999999999881e-04
8.705000000000000000e+03 4.236530000000000178e-04
8.706000000000000000e+03 4.121379999999999900e-04
8.707000000000000000e+03 4.006419999999999903e-04
8.708000000000000000e+03 3.916459999999999972e-04
8.709000000000000000e+03 3.826629999999999919e-04
8.710000000000000000e+03 3.736950000000000059e-04
8.711000000000000000e+03 3.648009999999999925e-04
8.712000000000000000e+03 3.559179999999999896e-04
8.713000000000000000e+03 3.489139999999999733e-04
8.714000000000000000e+03 3.419210000000000218e-04
8.715000000000000000e+03 3.349369999999999951e-04
8.716000000000000000e+03 3.279600000000000245e-04
8.717000000000000000e+03 3.209919999999999787e-04
8.718000000000000000e+03 3.154519999999999742e-04
8.719000000000000000e+03 3.099210000000000029e-04
8.720000000000000000e+03 3.043930000000000247e-04
8.721000000000000000e+03 2.988630000000000149e-04
8.722000000000000000e+03 2.933410000000000227e-04
8.723000000000000000e+03 2.889090000000000082e-04
8.724000000000000000e+03 2.844829999999999798e-04
8.725000000000000000e+03 2.800640000000000074e-04
8.726000000000000000e+03 2.756489999999999895e-04
8.727000000000000000e+03 2.712409999999999734e-04
8.728000000000000000e+03 2.676709999999999788e-04
8.729000000000000000e+03 2.641060000000000087e-04
8.730000000000000000e+03 2.605470000000000247e-04
8.731000000000000000e+03 2.569820000000000004e-04
8.732000000000000000e+03 2.534239999999999778e-04
8.733000000000000000e+03 2.505140000000000210e-04
8.734000000000000000e+03 2.476080000000000186e-04
8.735000000000000000e+03 2.447050000000000093e-04
8.736000000000000000e+03 2.418069999999999974e-04
8.737000000000000000e+03 2.389129999999999943e-04
8.738000000000000000e+03 2.365230000000000121e-04
8.739000000000000000e+03 2.341359999999999958e-04
8.740000000000000000e+03 2.317519999999999997e-04
8.741000000000000000e+03 2.293929999999999906e-04
8.742000000000000000e+03 2.270370000000000016e-04
8.743000000000000000e+03 2.250739999999999935e-04
8.744000000000000000e+03 2.231140000000000055e-04
8.745000000000000000e+03 2.211550000000000061e-04
8.746000000000000000e+03 2.191989999999999997e-04
8.747000000000000000e+03 2.172449999999999978e-04
8.748000000000000000e+03 2.155989999999999936e-04
8.749000000000000000e+03 2.139549999999999937e-04
8.750000000000000000e+03 2.123139999999999869e-04
8.751000000000000000e+03 2.106400000000000026e-04
8.752000000000000000e+03 2.089679999999999955e-04
8.753000000000000000e+03 2.075389999999999928e-04
8.754000000000000000e+03 2.061119999999999944e-04
8.755000000000000000e+03 2.046870000000000005e-04
8.756000000000000000e+03 2.032640000000000109e-04
8.757000000000000000e+03 2.018439999999999872e-04
8.758000000000000000e+03 2.006140000000000007e-04
8.759000000000000000e+03 1.993859999999999914e-04
8.760000000000000000e+03 1.981599999999999865e-04
8.761000000000000000e+03 1.969729999999999994e-04
8.762000000000000000e+03 1.957860000000000123e-04
8.763000000000000000e+03 1.947510000000000061e-04
8.764000000000000000e+03 1.937169999999999886e-04
8.765000000000000000e+03 1.926820000000000095e-04
8.766000000000000000e+03 1.916499999999999964e-04
8.767000000000000000e+03 1.906189999999999989e-04
8.768000000000000000e+03 1.897079999999999936e-04
8.769000000000000000e+03 1.887969999999999883e-04
8.770000000000000000e+03 1.878869999999999987e-04
8.771000000000000000e+03 1.869589999999999967e-04
8.772000000000000000e+03 1.860300000000000061e-04
8.773000000000000000e+03 1.851970000000000092e-04
8.774000000000000000e+03 1.843650000000000009e-04
8.775000000000000000e+03 1.835340000000000083e-04
8.776000000000000000e+03 1.827040000000000044e-04
8.777000000000000000e+03 1.818749999999999891e-04
8.778000000000000000e+03 1.811200000000000006e-04
8.779000000000000000e+03 1.803669999999999894e-04
8.780000000000000000e+03 1.796149999999999938e-04
8.781000000000000000e+03 1.788700000000000001e-04
8.782000000000000000e+03 1.781259999999999951e-04
8.783000000000000000e+03 1.774409999999999974e-04
8.784000000000000000e+03 1.767559999999999997e-04
8.785000000000000000e+03 1.760719999999999907e-04
8.786000000000000000e+03 1.753889999999999974e-04
8.787000000000000000e+03 1.747069999999999927e-04
8.788000000000000000e+03 1.740710000000000076e-04
8.789000000000000000e+03 1.734349999999999954e-04
8.790000000000000000e+03 1.728009999999999876e-04
8.791000000000000000e+03 1.721740000000000087e-04
8.792000000000000000e+03 1.715490000000000070e-04
8.793000000000000000e+03 1.709579999999999986e-04
8.794000000000000000e+03 1.703689999999999946e-04
8.795000000000000000e+03 1.697810000000000063e-04
8.796000000000000000e+03 1.691920000000000023e-04
8.797000000000000000e+03 1.686050000000000027e-04
8.798000000000000000e+03 1.680440000000000059e-04
8.799000000000000000e+03 1.674839999999999977e-04
8.800000000000000000e+03 1.669250000000000052e-04
8.801000000000000000e+03 1.663609999999999883e-04
8.802000000000000000e+03 1.657979999999999871e-04
8.803000000000000000e+03 1.652539999999999868e-04
8.804000000000000000e+03 1.647119999999999910e-04
8.805000000000000000e+03 1.641690000000000065e-04
8.806000000000000000e+03 1.636279999999999994e-04
8.807000000000000000e+03 1.630869999999999922e-04
8.808000000000000000e+03 1.625610000000000043e-04
8.809000000000000000e+03 1.620349999999999894e-04
8.810000000000000000e+03 1.615110000000000059e-04
8.811000000000000000e+03 1.609799999999999935e-04
8.812000000000000000e+03 1.604499999999999969e-04
8.813000000000000000e+03 1.599299999999999951e-04
8.814000000000000000e+03 1.594110000000000091e-04
8.815000000000000000e+03 1.588930000000000117e-04
8.816000000000000000e+03 1.583749999999999871e-04
8.817000000000000000e+03 1.578580000000000055e-04
8.818000000000000000e+03 1.573470000000000099e-04
8.819000000000000000e+03 1.568379999999999915e-04
8.820000000000000000e+03 1.563290000000000003e-04
8.821000000000000000e+03 1.558230000000000021e-04
8.822000000000000000e+03 1.553170000000000039e-04
8.823000000000000000e+03 1.548160000000000031e-04
8.824000000000000000e+03 1.543150000000000023e-04
8.825000000000000000e+03 1.538149999999999901e-04
8.826000000000000000e+03 1.533150000000000051e-04
8.827000000000000000e+03 1.528160000000000087e-04
8.828000000000000000e+03 1.523180000000000009e-04
8.829000000000000000e+03 1.518210000000000089e-04
8.830000000000000000e+03 1.513250000000000055e-04
8.831000000000000000e+03 1.508339999999999995e-04
8.832000000000000000e+03 1.503440000000000093e-04
8.833000000000000000e+03 1.498539999999999920e-04
8.834000000000000000e+03 1.493640000000000018e-04
8.835000000000000000e+03 1.488740000000000115e-04
8.836000000000000000e+03 1.483850000000000099e-04
8.837000000000000000e+03 1.478969999999999970e-04
8.838000000000000000e+03 1.474059999999999910e-04
8.839000000000000000e+03 1.469150000000000122e-04
8.840000000000000000e+03 1.464260000000000106e-04
8.841000000000000000e+03 1.459259999999999984e-04
8.842000000000000000e+03 1.454270000000000020e-04
8.843000000000000000e+03 1.449239999999999968e-04
8.844000000000000000e+03 1.444220000000000074e-04
8.845000000000000000e+03 1.439199999999999909e-04
8.846000000000000000e+03 1.434189999999999901e-04
8.847000000000000000e+03 1.429179999999999893e-04
8.848000000000000000e+03 1.424130000000000068e-04
8.849000000000000000e+03 1.419090000000000130e-04
8.850000000000000000e+03 1.414049999999999921e-04
8.851000000000000000e+03 1.408980000000000052e-04
8.852000000000000000e+03 1.403929999999999957e-04
8.853000000000000000e+03 1.398820000000000000e-04
8.854000000000000000e+03 1.393710000000000044e-04
8.855000000000000000e+03 1.388620000000000132e-04
8.856000000000000000e+03 1.383529999999999949e-04
8.857000000000000000e+03 1.378440000000000036e-04
8.858000000000000000e+03 1.373289999999999992e-04
8.859000000000000000e+03 1.368150000000000106e-04
8.860000000000000000e+03 1.363000000000000062e-04
8.861000000000000000e+03 1.358119999999999933e-04
8.862000000000000000e+03 1.353249999999999961e-04
8.863000000000000000e+03 1.348300000000000084e-04
8.864000000000000000e+03 1.343349999999999937e-04
8.865000000000000000e+03 1.338409999999999947e-04
8.866000000000000000e+03 1.333480000000000114e-04
8.867000000000000000e+03 1.328550000000000011e-04
8.868000000000000000e+03 1.323540000000000003e-04
8.869000000000000000e+03 1.318539999999999881e-04
8.870000000000000000e+03 1.313540000000000031e-04
8.871000000000000000e+03 1.308389999999999987e-04
8.872000000000000000e+03 1.303230000000000057e-04
8.873000000000000000e+03 1.298009999999999995e-04
8.874000000000000000e+03 1.292780000000000047e-04
8.875000000000000000e+03 1.287569999999999871e-04
8.876000000000000000e+03 1.282359999999999967e-04
8.877000000000000000e+03 1.277159999999999949e-04
8.878000000000000000e+03 1.271880000000000027e-04
8.879000000000000000e+03 1.266600000000000104e-04
8.880000000000000000e+03 1.261339999999999955e-04
8.881000000000000000e+03 1.255999999999999901e-04
8.882000000000000000e+03 1.250670000000000004e-04
8.883000000000000000e+03 1.245259999999999932e-04
8.884000000000000000e+03 1.239869999999999904e-04
8.885000000000000000e+03 1.234469999999999990e-04
8.886000000000000000e+03 1.229079999999999962e-04
8.887000000000000000e+03 1.223700000000000091e-04
8.888000000000000000e+03 1.218250000000000067e-04
8.889000000000000000e+03 1.212810000000000065e-04
8.890000000000000000e+03 1.207370000000000063e-04
8.891000000000000000e+03 1.202019999999999987e-04
8.892000000000000000e+03 1.196679999999999933e-04
8.893000000000000000e+03 1.191269999999999997e-04
8.894000000000000000e+03 1.185860000000000061e-04
8.895000000000000000e+03 1.180460000000000011e-04
8.896000000000000000e+03 1.175069999999999983e-04
8.897000000000000000e+03 1.169679999999999955e-04
8.898000000000000000e+03 1.164220000000000044e-04
8.899000000000000000e+03 1.158770000000000020e-04
8.900000000000000000e+03 1.153319999999999996e-04
8.901000000000000000e+03 1.147850000000000064e-04
8.902000000000000000e+03 1.142400000000000040e-04
8.903000000000000000e+03 1.136859999999999954e-04
8.904000000000000000e+03 1.131340000000000047e-04
8.905000000000000000e+03 1.125809999999999983e-04
8.906000000000000000e+03 1.120309999999999985e-04
8.907000000000000000e+03 1.114809999999999987e-04
8.908000000000000000e+03 1.109239999999999971e-04
8.909000000000000000e+03 1.103669999999999955e-04
8.910000000000000000e+03 1.098109999999999961e-04
8.911000000000000000e+03 1.092580000000000032e-04
8.912000000000000000e+03 1.087049999999999968e-04
8.913000000000000000e+03 1.081460000000000044e-04
8.914000000000000000e+03 1.075869999999999984e-04
8.915000000000000000e+03 1.070289999999999946e-04
8.916000000000000000e+03 1.064720000000000065e-04
8.917000000000000000e+03 1.059159999999999936e-04
8.918000000000000000e+03 1.053530000000000059e-04
8.919000000000000000e+03 1.047909999999999933e-04
8.920000000000000000e+03 1.042309999999999987e-04
8.921000000000000000e+03 1.036729999999999949e-04
8.922000000000000000e+03 1.031159999999999933e-04
8.923000000000000000e+03 1.025539999999999942e-04
8.924000000000000000e+03 1.019919999999999952e-04
8.925000000000000000e+03 1.014299999999999962e-04
8.926000000000000000e+03 1.008700000000000015e-04
8.927000000000000000e+03 1.003099999999999934e-04
8.928000000000000000e+03 9.974540000000000218e-05
8.929000000000000000e+03 9.918150000000000577e-05
8.930000000000000000e+03 9.861819999999999712e-05
8.931000000000000000e+03 9.804749999999999935e-05
8.932000000000000000e+03 9.747760000000000333e-05
8.933000000000000000e+03 9.690349999999999810e-05
8.934000000000000000e+03 9.633039999999999507e-05
8.935000000000000000e+03 9.575800000000000034e-05
8.936000000000000000e+03 9.518580000000000606e-05
8.937000000000000000e+03 9.461520000000000173e-05
8.938000000000000000e+03 9.404040000000000175e-05
8.939000000000000000e+03 9.346669999999999740e-05
8.940000000000000000e+03 9.289359999999999436e-05
8.941000000000000000e+03 9.233130000000000146e-05
8.942000000000000000e+03 9.177010000000000419e-05
8.943000000000000000e+03 9.120509999999999859e-05
8.944000000000000000e+03 9.064080000000000129e-05
8.945000000000000000e+03 9.007780000000000008e-05
8.946000000000000000e+03 8.951519999999999974e-05
8.947000000000000000e+03 8.895309999999999372e-05
8.948000000000000000e+03 8.838839999999999555e-05
8.949000000000000000e+03 8.782480000000000657e-05
8.950000000000000000e+03 8.726149999999999792e-05
8.951000000000000000e+03 8.669599999999999800e-05
8.952000000000000000e+03 8.613190000000000115e-05
8.953000000000000000e+03 8.556530000000000559e-05
8.954000000000000000e+03 8.499989999999999911e-05
8.955000000000000000e+03 8.443470000000000662e-05
8.956000000000000000e+03 8.387079999999999666e-05
8.957000000000000000e+03 8.330719999999999412e-05
8.958000000000000000e+03 8.274269999999999640e-05
8.959000000000000000e+03 8.217819999999999867e-05
8.960000000000000000e+03 8.161510000000000401e-05
8.961000000000000000e+03 8.104670000000000450e-05
8.962000000000000000e+03 8.047949999999999408e-05
8.963000000000000000e+03 7.991149999999999545e-05
8.964000000000000000e+03 7.934429999999999858e-05
8.965000000000000000e+03 7.877819999999999734e-05
8.966000000000000000e+03 7.821269999999999742e-05
8.967000000000000000e+03 7.764799999999999925e-05
8.968000000000000000e+03 7.708339999999999452e-05
8.969000000000000000e+03 7.651989999999999899e-05
8.970000000000000000e+03 7.595700000000000477e-05
8.971000000000000000e+03 7.540089999999999835e-05
8.972000000000000000e+03 7.484550000000000025e-05
8.973000000000000000e+03 7.429070000000000346e-05
8.974000000000000000e+03 7.373689999999999531e-05
8.975000000000000000e+03 7.318359999999999503e-05
8.976000000000000000e+03 7.263140000000000394e-05
8.977000000000000000e+03 7.207960000000000018e-05
8.978000000000000000e+03 7.152949999999999337e-05
8.979000000000000000e+03 7.098009999999999487e-05
8.980000000000000000e+03 7.043169999999999856e-05
8.981000000000000000e+03 6.988109999999999743e-05
8.982000000000000000e+03 6.933180000000000592e-05
8.983000000000000000e+03 6.878439999999999826e-05
8.984000000000000000e+03 6.823820000000000677e-05
8.985000000000000000e+03 6.769240000000000261e-05
8.986000000000000000e+03 6.714769999999999409e-05
8.987000000000000000e+03 6.660360000000000043e-05
8.988000000000000000e+03 6.606270000000000024e-05
8.989000000000000000e+03 6.552249999999999481e-05
8.990000000000000000e+03 6.498259999999999681e-05
8.991000000000000000e+03 6.445019999999999493e-05
8.992000000000000000e+03 6.391830000000000092e-05
8.993000000000000000e+03 6.338969999999999382e-05
8.994000000000000000e+03 6.286210000000000246e-05
8.995000000000000000e+03 6.233509999999999886e-05
8.996000000000000000e+03 6.180869999999999659e-05
8.997000000000000000e+03 6.128289999999999562e-05
8.998000000000000000e+03 6.076179999999999819e-05
8.999000000000000000e+03 6.024110000000000163e-05
9.000000000000000000e+03 5.972109999999999984e-05
9.001000000000000000e+03 5.919090000000000278e-05
9.002000000000000000e+03 5.866190000000000158e-05
9.003000000000000000e+03 5.813779999999999756e-05
9.004000000000000000e+03 5.761480000000000274e-05
9.005000000000000000e+03 5.709270000000000311e-05
9.006000000000000000e+03 5.657089999999999737e-05
9.007000000000000000e+03 5.605050000000000147e-05
9.008000000000000000e+03 5.553569999999999752e-05
9.009000000000000000e+03 5.502190000000000254e-05
9.010000000000000000e+03 5.450910000000000298e-05
9.011000000000000000e+03 5.400569999999999693e-05
9.012000000000000000e+03 5.350279999999999874e-05
9.013000000000000000e+03 5.300670000000000192e-05
9.014000000000000000e+03 5.251109999999999941e-05
9.015000000000000000e+03 5.201619999999999844e-05
9.016000000000000000e+03 5.152189999999999879e-05
