# FR931N
8.701000000000000000e+03 2.965560000000000114e-05
8.702000000000000000e+03 2.999270000000000169e-05
8.703000000000000000e+03 3.032920000000000093e-05
8.704000000000000000e+03 3.066509999999999885e-05
8.705000000000000000e+03 3.101359999999999729e-05
8.706000000000000000e+03 3.136140000000000097e-05
8.707000000000000000e+03 3.170879999999999700e-05
8.708000000000000000e+03 3.205539999999999806e-05
8.709000000000000000e+03 3.240149999999999801e-05
8.710000000000000000e+03 3.275989999999999783e-05
8.711000000000000000e+03 3.312310000000000140e-05
8.712000000000000000e+03 3.348589999999999732e-05
8.713000000000000000e+03 3.384799999999999848e-05
8.714000000000000000e+03 3.420979999999999898e-05
8.715000000000000000e+03 3.458379999999999912e-05
8.716000000000000000e+03 3.495709999999999773e-05
8.717000000000000000e+03 3.533000000000000224e-05
8.718000000000000000e+03 3.570239999999999888e-05
8.719000000000000000e+03 3.607440000000000142e-05
8.720000000000000000e+03 3.645790000000000207e-05
8.721000000000000000e+03 3.683979999999999921e-05
8.722000000000000000e+03 3.722120000000000203e-05
8.723000000000000000e+03 3.760190000000000331e-05
8.724000000000000000e+03 3.798209999999999672e-05
8.725000000000000000e+03 3.837380000000000180e-05
8.726000000000000000e+03 3.876489999999999878e-05
8.727000000000000000e+03 3.915550000000000145e-05
8.728000000000000000e+03 3.954550000000000280e-05
8.729000000000000000e+03 3.993490000000000283e-05
8.730000000000000000e+03 4.033550000000000031e-05
8.731000000000000000e+03 4.073389999999999975e-05
8.732000000000000000e+03 4.113209999999999875e-05
8.733000000000000000e+03 4.152960000000000299e-05
8.734000000000000000e+03 4.192629999999999870e-05
8.735000000000000000e+03 4.233379999999999777e-05
8.736000000000000000e+03 4.274060000000000207e-05
8.737000000000000000e+03 4.314689999999999850e-05
8.738000000000000000e+03 4.355260000000000040e-05
8.739000000000000000e+03 4.395760000000000075e-05
8.740000000000000000e+03 4.437280000000000315e-05
8.741000000000000000e+03 4.479159999999999988e-05
8.742000000000000000e+03 4.520980000000000208e-05
8.743000000000000000e+03 4.562750000000000318e-05
8.744000000000000000e+03 4.604470000000000318e-05
8.745000000000000000e+03 4.647169999999999757e-05
8.746000000000000000e+03 4.689809999999999742e-05
8.747000000000000000e+03 4.732390000000000273e-05
8.748000000000000000e+03 4.774909999999999994e-05
8.749000000000000000e+03 4.817370000000000262e-05
8.750000000000000000e+03 4.860789999999999924e-05
8.751000000000000000e+03 4.903329999999999690e-05
8.752000000000000000e+03 4.945810000000000001e-05
8.753000000000000000e+03 4.988190000000000093e-05
8.754000000000000000e+03 5.030510000000000054e-05
8.755000000000000000e+03 5.073709999999999912e-05
8.756000000000000000e+03 5.116810000000000227e-05
8.757000000000000000e+03 5.159869999999999778e-05
8.758000000000000000e+03 5.202829999999999787e-05
8.759000000000000000e+03 5.245720000000000320e-05
8.760000000000000000e+03 5.289409999999999896e-05
8.761000000000000000e+03 5.334040000000000179e-05
8.762000000000000000e+03 5.378590000000000286e-05
8.763000000000000000e+03 5.423090000000000283e-05
8.764000000000000000e+03 5.467520000000000127e-05
8.765000000000000000e+03 5.512700000000000261e-05
8.766000000000000000e+03 5.557850000000000328e-05
8.767000000000000000e+03 5.602940000000000264e-05
8.768000000000000000e+03 5.647980000000000090e-05
8.769000000000000000e+03 5.692919999999999697e-05
8.770000000000000000e+03 5.738610000000000271e-05
8.771000000000000000e+03 5.783610000000000010e-05
8.772000000000000000e+03 5.828520000000000229e-05
8.773000000000000000e+03 5.873370000000000316e-05
8.774000000000000000e+03 5.918160000000000271e-05
8.775000000000000000e+03 5.963580000000000253e-05
8.776000000000000000e+03 6.008940000000000104e-05
8.777000000000000000e+03 6.054219999999999779e-05
8.778000000000000000e+03 6.099419999999999956e-05
8.779000000000000000e+03 6.144570000000000023e-05
8.780000000000000000e+03 6.190289999999999985e-05
8.781000000000000000e+03 6.236170000000000298e-05
8.782000000000000000e+03 6.281990000000000479e-05
8.783000000000000000e+03 6.327730000000000485e-05
8.784000000000000000e+03 6.373379999999999616e-05
8.785000000000000000e+03 6.419569999999999931e-05
8.786000000000000000e+03 6.465700000000000115e-05
8.787000000000000000e+03 6.511770000000000167e-05
8.788000000000000000e+03 6.557769999999999387e-05
8.789000000000000000e+03 6.603669999999999744e-05
8.790000000000000000e+03 6.650069999999999842e-05
8.791000000000000000e+03 6.696639999999999635e-05
8.792000000000000000e+03 6.743189999999999384e-05
8.793000000000000000e+03 6.789660000000000313e-05
8.794000000000000000e+03 6.836069999999999755e-05
8.795000000000000000e+03 6.882889999999999419e-05
8.796000000000000000e+03 6.929639999999999606e-05
8.797000000000000000e+03 6.976300000000000274e-05
8.798000000000000000e+03 7.022899999999999456e-05
8.799000000000000000e+03 7.069439999999999860e-05
8.800000000000000000e+03 7.116319999999999655e-05
8.801000000000000000e+03 7.162889999999999448e-05
8.802000000000000000e+03 7.209400000000000465e-05
8.803000000000000000e+03 7.255809999999999907e-05
8.804000000000000000e+03 7.302180000000000617e-05
8.805000000000000000e+03 7.348759999999999754e-05
8.806000000000000000e+03 7.395329999999999547e-05
8.807000000000000000e+03 7.441809999999999820e-05
8.808000000000000000e+03 7.488220000000000618e-05
8.809000000000000000e+03 7.534540000000000540e-05
8.810000000000000000e+03 7.581110000000000333e-05
8.811000000000000000e+03 7.627269999999999905e-05
8.812000000000000000e+03 7.673369999999999345e-05
8.813000000000000000e+03 7.719349999999999877e-05
8.814000000000000000e+03 7.765299999999999666e-05
8.815000000000000000e+03 7.811389999999999762e-05
8.816000000000000000e+03 7.857379999999999638e-05
8.817000000000000000e+03 7.903320000000000083e-05
8.818000000000000000e+03 7.949180000000000352e-05
8.819000000000000000e+03 7.994960000000000445e-05
8.820000000000000000e+03 8.040830000000000059e-05
8.821000000000000000e+03 8.086759999999999803e-05
8.822000000000000000e+03 8.132629999999999417e-05
8.823000000000000000e+03 8.178409999999999510e-05
8.824000000000000000e+03 8.224140000000000172e-05
8.825000000000000000e+03 8.269909999999999566e-05
8.826000000000000000e+03 8.315569999999999397e-05
8.827000000000000000e+03 8.361190000000000495e-05
8.828000000000000000e+03 8.406710000000000018e-05
8.829000000000000000e+03 8.452189999999999454e-05
8.830000000000000000e+03 8.497610000000000113e-05
8.831000000000000000e+03 8.543310000000000032e-05
8.832000000000000000e+03 8.588920000000000430e-05
8.833000000000000000e+03 8.634450000000000653e-05
8.834000000000000000e+03 8.679959999999999477e-05
8.835000000000000000e+03 8.725320000000000005e-05
8.836000000000000000e+03 8.770669999999999833e-05
8.837000000000000000e+03 8.815939999999999486e-05
8.838000000000000000e+03 8.861119999999999620e-05
8.839000000000000000e+03 8.906219999999999578e-05
8.840000000000000000e+03 8.951230000000000016e-05
8.841000000000000000e+03 8.995540000000000274e-05
8.842000000000000000e+03 9.039719999999999570e-05
8.843000000000000000e+03 9.083849999999999434e-05
8.844000000000000000e+03 9.127920000000000521e-05
8.845000000000000000e+03 9.171789999999999815e-05
8.846000000000000000e+03 9.215580000000000288e-05
8.847000000000000000e+03 9.259270000000000543e-05
8.848000000000000000e+03 9.302930000000000053e-05
8.849000000000000000e+03 9.346520000000000088e-05
8.850000000000000000e+03 9.389869999999999597e-05
8.851000000000000000e+03 9.432950000000000547e-05
8.852000000000000000e+03 9.475970000000000009e-05
8.853000000000000000e+03 9.518890000000000608e-05
8.854000000000000000e+03 9.561760000000000420e-05
8.855000000000000000e+03 9.604360000000000317e-05
8.856000000000000000e+03 9.646880000000000038e-05
8.857000000000000000e+03 9.689319999999999585e-05
8.858000000000000000e+03 9.731669999999999611e-05
8.859000000000000000e+03 9.773950000000000162e-05
8.860000000000000000e+03 9.815880000000000623e-05
8.861000000000000000e+03 9.859589999999999565e-05
8.862000000000000000e+03 9.903230000000000388e-05
8.863000000000000000e+03 9.946800000000000379e-05
8.864000000000000000e+03 9.990290000000000194e-05
8.865000000000000000e+03 1.003349999999999940e-04
8.866000000000000000e+03 1.007670000000000061e-04
8.867000000000000000e+03 1.011970000000000003e-04
8.868000000000000000e+03 1.016269999999999945e-04
8.869000000000000000e+03 1.020560000000000000e-04
8.870000000000000000e+03 1.024819999999999990e-04
8.871000000000000000e+03 1.028939999999999944e-04
8.872000000000000000e+03 1.033050000000000011e-04
8.873000000000000000e+03 1.037159999999999943e-04
8.874000000000000000e+03 1.041259999999999988e-04
8.875000000000000000e+03 1.045319999999999946e-04
8.876000000000000000e+03 1.049380000000000039e-04
8.877000000000000000e+03 1.053419999999999953e-04
8.878000000000000000e+03 1.057460000000000003e-04
8.879000000000000000e+03 1.061500000000000052e-04
8.880000000000000000e+03 1.065489999999999992e-04
8.881000000000000000e+03 1.069410000000000049e-04
8.882000000000000000e+03 1.073329999999999971e-04
8.883000000000000000e+03 1.077229999999999984e-04
8.884000000000000000e+03 1.081129999999999998e-04
8.885000000000000000e+03 1.084980000000000037e-04
8.886000000000000000e+03 1.088829999999999941e-04
8.887000000000000000e+03 1.092669999999999959e-04
8.888000000000000000e+03 1.096509999999999976e-04
8.889000000000000000e+03 1.100339999999999972e-04
8.890000000000000000e+03 1.104119999999999993e-04
8.891000000000000000e+03 1.107980000000000054e-04
8.892000000000000000e+03 1.111829999999999958e-04
8.893000000000000000e+03 1.115679999999999997e-04
8.894000000000000000e+03 1.119520000000000015e-04
8.895000000000000000e+03 1.123319999999999945e-04
8.896000000000000000e+03 1.127109999999999988e-04
8.897000000000000000e+03 1.130900000000000031e-04
8.898000000000000000e+03 1.134670000000000031e-04
8.899000000000000000e+03 1.138450000000000052e-04
8.900000000000000000e+03 1.142179999999999964e-04
8.901000000000000000e+03 1.145870000000000059e-04
8.902000000000000000e+03 1.149570000000000041e-04
8.903000000000000000e+03 1.153260000000000000e-04
8.904000000000000000e+03 1.156930000000000051e-04
8.905000000000000000e+03 1.160570000000000037e-04
8.906000000000000000e+03 1.164210000000000022e-04
8.907000000000000000e+03 1.167839999999999986e-04
8.908000000000000000e+03 1.171450000000000041e-04
8.909000000000000000e+03 1.175069999999999983e-04
8.910000000000000000e+03 1.178649999999999972e-04
8.911000000000000000e+03 1.182229999999999962e-04
8.912000000000000000e+03 1.185809999999999951e-04
8.913000000000000000e+03 1.189389999999999941e-04
8.914000000000000000e+03 1.192950000000000022e-04
8.915000000000000000e+03 1.196490000000000059e-04
8.916000000000000000e+03 1.200019999999999939e-04
8.917000000000000000e+03 1.203540000000000068e-04
8.918000000000000000e+03 1.207060000000000061e-04
8.919000000000000000e+03 1.210570000000000033e-04
8.920000000000000000e+03 1.214059999999999960e-04
8.921000000000000000e+03 1.217570000000000067e-04
8.922000000000000000e+03 1.221059999999999995e-04
8.923000000000000000e+03 1.224569999999999966e-04
8.924000000000000000e+03 1.228050000000000007e-04
8.925000000000000000e+03 1.231519999999999891e-04
8.926000000000000000e+03 1.234990000000000046e-04
8.927000000000000000e+03 1.238450000000000043e-04
8.928000000000000000e+03 1.241899999999999883e-04
8.929000000000000000e+03 1.245349999999999994e-04
8.930000000000000000e+03 1.248789999999999948e-04
8.931000000000000000e+03 1.252109999999999909e-04
8.932000000000000000e+03 1.255429999999999871e-04
8.933000000000000000e+03 1.258750000000000103e-04
8.934000000000000000e+03 1.262059999999999907e-04
8.935000000000000000e+03 1.265369999999999982e-04
8.936000000000000000e+03 1.268669999999999900e-04
8.937000000000000000e+03 1.271959999999999931e-04
8.938000000000000000e+03 1.275249999999999962e-04
8.939000000000000000e+03 1.278539999999999993e-04
8.940000000000000000e+03 1.281830000000000025e-04
8.941000000000000000e+03 1.285249999999999934e-04
8.942000000000000000e+03 1.288680000000000001e-04
8.943000000000000000e+03 1.292090000000000025e-04
8.944000000000000000e+03 1.295489999999999890e-04
8.945000000000000000e+03 1.298940000000000001e-04
8.946000000000000000e+03 1.302370000000000068e-04
8.947000000000000000e+03 1.305789999999999978e-04
8.948000000000000000e+03 1.309209999999999888e-04
8.949000000000000000e+03 1.312619999999999911e-04
8.950000000000000000e+03 1.316079999999999908e-04
8.951000000000000000e+03 1.319480000000000045e-04
8.952000000000000000e+03 1.322890000000000068e-04
8.953000000000000000e+03 1.326280000000000048e-04
8.954000000000000000e+03 1.329679999999999914e-04
8.955000000000000000e+03 1.333130000000000025e-04
8.956000000000000000e+03 1.336579999999999865e-04
8.957000000000000000e+03 1.340020000000000089e-04
8.958000000000000000e+03 1.343460000000000043e-04
8.959000000000000000e+03 1.346879999999999952e-04
8.960000000000000000e+03 1.350400000000000081e-04
8.961000000000000000e+03 1.353810000000000104e-04
8.962000000000000000e+03 1.357220000000000128e-04
8.963000000000000000e+03 1.360619999999999994e-04
8.964000000000000000e+03 1.364020000000000130e-04
8.965000000000000000e+03 1.367530000000000102e-04
8.966000000000000000e+03 1.371029999999999916e-04
8.967000000000000000e+03 1.374520000000000115e-04
8.968000000000000000e+03 1.377999999999999885e-04
8.969000000000000000e+03 1.381490000000000083e-04
8.970000000000000000e+03 1.385109999999999889e-04
8.971000000000000000e+03 1.388840000000000072e-04
8.972000000000000000e+03 1.392560000000000098e-04
8.973000000000000000e+03 1.396269999999999966e-04
8.974000000000000000e+03 1.399980000000000105e-04
8.975000000000000000e+03 1.403870000000000096e-04
8.976000000000000000e+03 1.407760000000000088e-04
8.977000000000000000e+03 1.411630000000000035e-04
8.978000000000000000e+03 1.415499999999999983e-04
8.979000000000000000e+03 1.419369999999999931e-04
8.980000000000000000e+03 1.423469999999999976e-04
8.981000000000000000e+03 1.427500000000000004e-04
8.982000000000000000e+03 1.431539999999999918e-04
8.983000000000000000e+03 1.435560000000000059e-04
8.984000000000000000e+03 1.439579999999999929e-04
8.985000000000000000e+03 1.443879999999999871e-04
8.986000000000000000e+03 1.448180000000000084e-04
8.987000000000000000e+03 1.452459999999999982e-04
8.988000000000000000e+03 1.456750000000000037e-04
8.989000000000000000e+03 1.461020000000000049e-04
8.990000000000000000e+03 1.465629999999999993e-04
8.991000000000000000e+03 1.470379999999999973e-04
8.992000000000000000e+03 1.475129999999999953e-04
8.993000000000000000e+03 1.479850000000000002e-04
8.994000000000000000e+03 1.484579999999999938e-04
8.995000000000000000e+03 1.489729999999999982e-04
8.996000000000000000e+03 1.494869999999999869e-04
8.997000000000000000e+03 1.499989999999999982e-04
8.998000000000000000e+03 1.505119999999999982e-04
8.999000000000000000e+03 1.510240000000000096e-04
9.000000000000000000e+03 1.515870000000000108e-04
9.001000000000000000e+03 1.521200000000000004e-04
9.002000000000000000e+03 1.526540000000000058e-04
9.003000000000000000e+03 1.531860000000000068e-04
9.004000000000000000e+03 1.537169999999999921e-04
9.005000000000000000e+03 1.543100000000000049e-04
9.006000000000000000e+03 1.548999999999999975e-04
9.007000000000000000e+03 1.554910000000000059e-04
9.008000000000000000e+03 1.560789999999999942e-04
9.009000000000000000e+03 1.566670000000000096e-04
9.010000000000000000e+03 1.573289999999999975e-04
9.011000000000000000e+03 1.580150000000000109e-04
9.012000000000000000e+03 1.586989999999999928e-04
9.013000000000000000e+03 1.593839999999999905e-04
9.014000000000000000e+03 1.600659999999999952e-04
9.015000000000000000e+03 1.608380000000000074e-04
9.016000000000000000e+03 1.616090000000000040e-04
9.017000000000000000e+03 1.623790000000000118e-04
9.018000000000000000e+03 1.631459999999999996e-04
9.019000000000000000e+03 1.639129999999999873e-04
9.020000000000000000e+03 1.647879999999999950e-04
9.021000000000000000e+03 1.656510000000000035e-04
9.022000000000000000e+03 1.665129999999999963e-04
9.023000000000000000e+03 1.673749999999999891e-04
9.024000000000000000e+03 1.682330000000000002e-04
9.025000000000000000e+03 1.692209999999999982e-04
9.026000000000000000e+03 1.702080000000000075e-04
9.027000000000000000e+03 1.711919999999999967e-04
9.028000000000000000e+03 1.721749999999999973e-04
9.029000000000000000e+03 1.731559999999999935e-04
9.030000000000000000e+03 1.742919999999999908e-04
9.031000000000000000e+03 1.754240000000000064e-04
9.032000000000000000e+03 1.765539999999999905e-04
9.033000000000000000e+03 1.776819999999999973e-04
9.034000000000000000e+03 1.788059999999999953e-04
9.035000000000000000e+03 1.801179999999999990e-04
9.036000000000000000e+03 1.814270000000000097e-04
9.037000000000000000e+03 1.827339999999999889e-04
9.038000000000000000e+03 1.840380000000000022e-04
9.039000000000000000e+03 1.853400000000000110e-04
9.040000000000000000e+03 1.868670000000000118e-04
9.041000000000000000e+03 1.883970000000000056e-04
9.042000000000000000e+03 1.899260000000000108e-04
9.043000000000000000e+03 1.914519999999999959e-04
9.044000000000000000e+03 1.929760000000000037e-04
9.045000000000000000e+03 1.947689999999999914e-04
9.046000000000000000e+03 1.965609999999999905e-04
9.047000000000000000e+03 1.983499999999999966e-04
9.048000000000000000e+03 2.001369999999999983e-04
9.049000000000000000e+03 2.019190000000000026e-04
9.050000000000000000e+03 2.040309999999999986e-04
9.051000000000000000e+03 2.061339999999999885e-04
9.052000000000000000e+03 2.082329999999999967e-04
9.053000000000000000e+03 2.103290000000000118e-04
9.054000000000000000e+03 2.124209999999999911e-04
9.055000000000000000e+03 2.149130000000000072e-04
9.056000000000000000e+03 2.173990000000000102e-04
9.057000000000000000e+03 2.198830000000000088e-04
9.058000000000000000e+03 2.223620000000000100e-04
9.059000000000000000e+03 2.248359999999999866e-04
9.060000000000000000e+03 2.277950000000000103e-04
9.061000000000000000e+03 2.307320000000000128e-04
9.062000000000000000e+03 2.336650000000000066e-04
9.063000000000000000e+03 2.365909999999999986e-04
9.064000000000000000e+03 2.395119999999999931e-04
9.065000000000000000e+03 2.430269999999999891e-04
9.066000000000000000e+03 2.465349999999999833e-04
9.067000000000000000e+03 2.500359999999999757e-04
9.068000000000000000e+03 2.535290000000000048e-04
9.069000000000000000e+03 2.570159999999999936e-04
9.070000000000000000e+03 2.612320000000000223e-04
9.071000000000000000e+03 2.654760000000000041e-04
9.072000000000000000e+03 2.697159999999999770e-04
9.073000000000000000e+03 2.739479999999999867e-04
9.074000000000000000e+03 2.781729999999999945e-04
9.075000000000000000e+03 2.832940000000000154e-04
9.076000000000000000e+03 2.884060000000000031e-04
9.077000000000000000e+03 2.935120000000000047e-04
9.078000000000000000e+03 2.986089999999999730e-04
9.079000000000000000e+03 3.036970000000000164e-04
9.080000000000000000e+03 3.098940000000000115e-04
9.081000000000000000e+03 3.160470000000000185e-04
9.082000000000000000e+03 3.221909999999999922e-04
9.083000000000000000e+03 3.283219999999999780e-04
9.084000000000000000e+03 3.344409999999999918e-04
9.085000000000000000e+03 3.419319999999999781e-04
9.086000000000000000e+03 3.494120000000000082e-04
9.087000000000000000e+03 3.568770000000000189e-04
9.088000000000000000e+03 3.643300000000000032e-04
9.089000000000000000e+03 3.717680000000000225e-04
9.090000000000000000e+03 3.809169999999999852e-04
9.091000000000000000e+03 3.900649999999999864e-04
9.092000000000000000e+03 3.991949999999999752e-04
9.093000000000000000e+03 4.083099999999999989e-04
9.094000000000000000e+03 4.174100000000000033e-04
9.095000000000000000e+03 4.286509999999999995e-04
9.096000000000000000e+03 4.398730000000000218e-04
9.097000000000000000e+03 4.510790000000000090e-04
9.098000000000000000e+03 4.622620000000000136e-04
9.099000000000000000e+03 4.734259999999999901e-04
9.100000000000000000e+03 4.872880000000000007e-04
9.101000000000000000e+03 5.011770000000000027e-04
9.102000000000000000e+03 5.150429999999999679e-04
9.103000000000000000e+03 5.288890000000000518e-04
9.104000000000000000e+03 5.427140000000000219e-04
9.105000000000000000e+03 5.599510000000000468e-04
9.106000000000000000e+03 5.771669999999999578e-04
9.107000000000000000e+03 5.943549999999999701e-04
9.108000000000000000e+03 6.115190000000000382e-04
9.109000000000000000e+03 6.286549999999999907e-04
9.110000000000000000e+03 6.501389999999999903e-04
9.111000000000000000e+03 6.715259999999999806e-04
9.112000000000000000e+03 6.928779999999999618e-04
9.113000000000000000e+03 7.141930000000000110e-04
9.114000000000000000e+03 7.354710000000000197e-04
9.115000000000000000e+03 7.623099999999999841e-04
9.116000000000000000e+03 7.890990000000000287e-04
9.117000000000000000e+03 8.158430000000000152e-04
9.118000000000000000e+03 8.425350000000000504e-04
9.119000000000000000e+03 8.691869999999999978e-04
9.120000000000000000e+03 9.029899999999999993e-04
9.121000000000000000e+03 9.367320000000000160e-04
9.122000000000000000e+03 9.704200000000000499e-04
9.123000000000000000e+03 1.004040000000000097e-03
9.124000000000000000e+03 1.037610000000000008e-03
9.125000000000000000e+03 1.080430000000000062e-03
9.126000000000000000e+03 1.123180000000000098e-03
9.127000000000000000e+03 1.165859999999999900e-03
9.128000000000000000e+03 1.208450000000000019e-03
9.129000000000000000e+03 1.250980000000000061e-03
9.130000000000000000e+03 1.305560000000000097e-03
9.131000000000000000e+03 1.359930000000000080e-03
9.132000000000000000e+03 1.414190000000000065e-03
9.133000000000000000e+03 1.468349999999999994e-03
9.134000000000000000e+03 1.522410000000000083e-03
9.135000000000000000e+03 1.592239999999999975e-03
9.136000000000000000e+03 1.661939999999999988e-03
9.137000000000000000e+03 1.731509999999999907e-03
9.138000000000000000e+03 1.800940000000000006e-03
9.139000000000000000e+03 1.870240000000000010e-03
9.140000000000000000e+03 1.960350000000000027e-03
9.141000000000000000e+03 2.050489999999999865e-03
9.142000000000000000e+03 2.140480000000000160e-03
9.143000000000000000e+03 2.230310000000000105e-03
9.144000000000000000e+03 2.319990000000000073e-03
9.145000000000000000e+03 2.437280000000000002e-03
9.146000000000000000e+03 2.554390000000000133e-03
9.147000000000000000e+03 2.671259999999999954e-03
9.148000000000000000e+03 2.787959999999999917e-03
9.149000000000000000e+03 2.904449999999999827e-03
9.150000000000000000e+03 3.057779999999999960e-03
9.151000000000000000e+03 3.210670000000000104e-03
9.152000000000000000e+03 3.363259999999999861e-03
9.153000000000000000e+03 3.515579999999999920e-03
9.154000000000000000e+03 3.667600000000000027e-03
9.155000000000000000e+03 3.869009999999999984e-03
9.156000000000000000e+03 4.070029999999999655e-03
9.157000000000000000e+03 4.270699999999999670e-03
9.158000000000000000e+03 4.470980000000000266e-03
9.159000000000000000e+03 4.670849999999999828e-03
9.160000000000000000e+03 4.937180000000000214e-03
9.161000000000000000e+03 5.203580000000000184e-03
9.162000000000000000e+03 5.469540000000000166e-03
9.163000000000000000e+03 5.735050000000000217e-03
9.164000000000000000e+03 6.000120000000000280e-03
9.165000000000000000e+03 6.354870000000000310e-03
9.166000000000000000e+03 6.709019999999999567e-03
9.167000000000000000e+03 7.062599999999999607e-03
9.168000000000000000e+03 7.415589999999999682e-03
9.169000000000000000e+03 7.767979999999999850e-03
9.170000000000000000e+03 8.241300000000000014e-03
9.171000000000000000e+03 8.712390000000000412e-03
9.172000000000000000e+03 9.182600000000000831e-03
9.173000000000000000e+03 9.651840000000000072e-03
9.174000000000000000e+03 1.012009999999999993e-02
9.175000000000000000e+03 1.075040000000000023e-02
9.176000000000000000e+03 1.137939999999999958e-02
9.177000000000000000e+03 1.200709999999999972e-02
9.178000000000000000e+03 1.263350000000000063e-02
9.179000000000000000e+03 1.325879999999999941e-02
9.180000000000000000e+03 1.409870000000000047e-02
9.181000000000000000e+03 1.493799999999999989e-02
9.182000000000000000e+03 1.577579999999999955e-02
9.183000000000000000e+03 1.661189999999999889e-02
9.184000000000000000e+03 1.744650000000000020e-02
9.185000000000000000e+03 1.856029999999999833e-02
9.186000000000000000e+03 1.967210000000000139e-02
9.187000000000000000e+03 2.078170000000000017e-02
9.188000000000000000e+03 2.188930000000000042e-02
9.189000000000000000e+03 2.299479999999999927e-02
9.190000000000000000e+03 2.445090000000000111e-02
9.191000000000000000e+03 2.590610000000000135e-02
9.192000000000000000e+03 2.735869999999999969e-02
9.193000000000000000e+03 2.880860000000000018e-02
9.194000000000000000e+03 3.025610000000000105e-02
9.195000000000000000e+03 3.212079999999999796e-02
9.196000000000000000e+03 3.398219999999999713e-02
9.197000000000000000e+03 3.584020000000000261e-02
9.198000000000000000e+03 3.769490000000000340e-02
9.199000000000000000e+03 3.954649999999999832e-02
9.200000000000000000e+03 4.185250000000000081e-02
9.201000000000000000e+03 4.415390000000000287e-02
9.202000000000000000e+03 4.645130000000000092e-02
9.203000000000000000e+03 4.874479999999999785e-02
9.204000000000000000e+03 5.103400000000000297e-02
9.205000000000000000e+03 5.375250000000000167e-02
9.206000000000000000e+03 5.646639999999999993e-02
9.207000000000000000e+03 5.917479999999999962e-02
9.208000000000000000e+03 6.187890000000000057e-02
9.209000000000000000e+03 6.457820000000000227e-02
9.210000000000000000e+03 6.758870000000000156e-02
9.211000000000000000e+03 7.059369999999999534e-02
9.212000000000000000e+03 7.359330000000000038e-02
9.213000000000000000e+03 7.658790000000000042e-02
9.214000000000000000e+03 7.957640000000000546e-02
9.215000000000000000e+03 8.266329999999999512e-02
9.216000000000000000e+03 8.574420000000000652e-02
9.217000000000000000e+03 8.882009999999999905e-02
9.218000000000000000e+03 9.188960000000000183e-02
9.219000000000000000e+03 9.495370000000000199e-02
9.220000000000000000e+03 9.785159999999999692e-02
9.221000000000000000e+03 1.007480000000000042e-01
9.222000000000000000e+03 1.036399999999999960e-01
9.223000000000000000e+03 1.065259999999999957e-01
9.224000000000000000e+03 1.094080000000000052e-01
9.225000000000000000e+03 1.118880000000000013e-01
9.226000000000000000e+03 1.143630000000000063e-01
9.227000000000000000e+03 1.168330000000000063e-01
9.228000000000000000e+03 1.192990000000000023e-01
9.229000000000000000e+03 1.217619999999999952e-01
9.230000000000000000e+03 1.236850000000000033e-01
9.231000000000000000e+03 1.255989999999999884e-01
9.232000000000000000e+03 1.275100000000000122e-01
9.233000000000000000e+03 1.294180000000000053e-01
9.234000000000000000e+03 1.313209999999999933e-01
9.235000000000000000e+03 1.326700000000000101e-01
9.236000000000000000e+03 1.340159999999999962e-01
9.237000000000000000e+03 1.353600000000000081e-01
9.238000000000000000e+03 1.367009999999999892e-01
9.239000000000000000e+03 1.380399999999999960e-01
9.240000000000000000e+03 1.388979999999999937e-01
9.241000000000000000e+03 1.397650000000000003e-01
9.242000000000000000e+03 1.406310000000000060e-01
9.243000000000000000e+03 1.414960000000000107e-01
9.244000000000000000e+03 1.423580000000000123e-01
9.245000000000000000e+03 1.428540000000000088e-01
9.246000000000000000e+03 1.433500000000000052e-01
9.247000000000000000e+03 1.438429999999999986e-01
9.248000000000000000e+03 1.443369999999999931e-01
9.249000000000000000e+03 1.448280000000000123e-01
9.250000000000000000e+03 1.450660000000000005e-01
9.251000000000000000e+03 1.452990000000000115e-01
9.252000000000000000e+03 1.455299999999999927e-01
9.253000000000000000e+03 1.457600000000000007e-01
9.254000000000000000e+03 1.459910000000000097e-01
9.255000000000000000e+03 1.460589999999999944e-01
9.256000000000000000e+03 1.461270000000000069e-01
9.257000000000000000e+03 1.461949999999999916e-01
9.258000000000000000e+03 1.462620000000000031e-01
9.259000000000000000e+03 1.463299999999999879e-01
9.260000000000000000e+03 1.463009999999999866e-01
9.261000000000000000e+03 1.462729999999999864e-01
9.262000000000000000e+03 1.462459999999999871e-01
9.263000000000000000e+03 1.462179999999999869e-01
9.264000000000000000e+03 1.461899999999999866e-01
9.265000000000000000e+03 1.461099999999999899e-01
9.266000000000000000e+03 1.460289999999999921e-01
9.267000000000000000e+03 1.459479999999999944e-01
9.268000000000000000e+03 1.458659999999999957e-01
9.269000000000000000e+03 1.457849999999999979e-01
9.270000000000000000e+03 1.456759999999999999e-01
9.271000000000000000e+03 1.455680000000000029e-01
9.272000000000000000e+03 1.454590000000000050e-01
9.273000000000000000e+03 1.453500000000000070e-01
9.274000000000000000e+03 1.452410000000000090e-01
9.275000000000000000e+03 1.451189999999999980e-01
9.276000000000000000e+03 1.449979999999999880e-01
9.277000000000000000e+03 1.448760000000000048e-01
9.278000000000000000e+03 1.447539999999999938e-01
9.279000000000000000e+03 1.446320000000000106e-01
9.280000000000000000e+03 1.445059999999999956e-01
9.281000000000000000e+03 1.443669999999999953e-01
9.282000000000000000e+03 1.442269999999999941e-01
9.283000000000000000e+03 1.440889999999999949e-01
9.284000000000000000e+03 1.439499999999999946e-01
9.285000000000000000e+03 1.438089999999999924e-01
9.286000000000000000e+03 1.436689999999999912e-01
9.287000000000000000e+03 1.435279999999999889e-01
9.288000000000000000e+03 1.433869999999999867e-01
9.289000000000000000e+03 1.432460000000000122e-01
9.290000000000000000e+03 1.431050000000000100e-01
9.291000000000000000e+03 1.429759999999999920e-01
9.292000000000000000e+03 1.428480000000000028e-01
9.293000000000000000e+03 1.427200000000000135e-01
9.294000000000000000e+03 1.425909999999999955e-01
9.295000000000000000e+03 1.424630000000000063e-01
9.296000000000000000e+03 1.423339999999999883e-01
9.297000000000000000e+03 1.422059999999999991e-01
9.298000000000000000e+03 1.420780000000000098e-01
9.299000000000000000e+03 1.419489999999999919e-01
9.300000000000000000e+03 1.418200000000000016e-01
9.301000000000000000e+03 1.416860000000000064e-01
9.302000000000000000e+03 1.415510000000000101e-01
9.303000000000000000e+03 1.414169999999999872e-01
9.304000000000000000e+03 1.412829999999999919e-01
9.305000000000000000e+03 1.411489999999999967e-01
9.306000000000000000e+03 1.410150000000000015e-01
9.307000000000000000e+03 1.408810000000000062e-01
9.308000000000000000e+03 1.407460000000000100e-01
9.309000000000000000e+03 1.406110000000000138e-01
9.310000000000000000e+03 1.404779999999999918e-01
9.311000000000000000e+03 1.403510000000000035e-01
9.312000000000000000e+03 1.402259999999999895e-01
9.313000000000000000e+03 1.400990000000000013e-01
9.314000000000000000e+03 1.399720000000000131e-01
9.315000000000000000e+03 1.398459999999999981e-01
9.316000000000000000e+03 1.397200000000000109e-01
9.317000000000000000e+03 1.395929999999999949e-01
9.318000000000000000e+03 1.394670000000000076e-01
9.319000000000000000e+03 1.393399999999999916e-01
9.320000000000000000e+03 1.392140000000000044e-01
9.321000000000000000e+03 1.390750000000000042e-01
9.322000000000000000e+03 1.389370000000000049e-01
9.323000000000000000e+03 1.388000000000000067e-01
9.324000000000000000e+03 1.386620000000000075e-01
9.325000000000000000e+03 1.385240000000000082e-01
9.326000000000000000e+03 1.383860000000000090e-01
9.327000000000000000e+03 1.382480000000000098e-01
9.328000000000000000e+03 1.381100000000000105e-01
9.329000000000000000e+03 1.379730000000000123e-01
9.330000000000000000e+03 1.378340000000000121e-01
9.331000000000000000e+03 1.376989999999999881e-01
9.332000000000000000e+03 1.375629999999999908e-01
9.333000000000000000e+03 1.374289999999999956e-01
9.334000000000000000e+03 1.372939999999999994e-01
9.335000000000000000e+03 1.371580000000000021e-01
9.336000000000000000e+03 1.370210000000000039e-01
9.337000000000000000e+03 1.368830000000000047e-01
9.338000000000000000e+03 1.367470000000000074e-01
9.339000000000000000e+03 1.366110000000000102e-01
9.340000000000000000e+03 1.364720000000000100e-01
9.341000000000000000e+03 1.363229999999999997e-01
9.342000000000000000e+03 1.361759999999999915e-01
9.343000000000000000e+03 1.360280000000000100e-01
9.344000000000000000e+03 1.358800000000000008e-01
9.345000000000000000e+03 1.357230000000000103e-01
9.346000000000000000e+03 1.355679999999999941e-01
9.347000000000000000e+03 1.354110000000000036e-01
9.348000000000000000e+03 1.352540000000000131e-01
9.349000000000000000e+03 1.350969999999999949e-01
9.350000000000000000e+03 1.349229999999999874e-01
9.351000000000000000e+03 1.347689999999999999e-01
9.352000000000000000e+03 1.346160000000000134e-01
9.353000000000000000e+03 1.344619999999999982e-01
9.354000000000000000e+03 1.343090000000000117e-01
9.355000000000000000e+03 1.341169999999999862e-01
9.356000000000000000e+03 1.339259999999999895e-01
9.357000000000000000e+03 1.337349999999999928e-01
9.358000000000000000e+03 1.335439999999999960e-01
9.359000000000000000e+03 1.333540000000000003e-01
9.360000000000000000e+03 1.330939999999999901e-01
9.361000000000000000e+03 1.328120000000000134e-01
9.362000000000000000e+03 1.325300000000000089e-01
9.363000000000000000e+03 1.322490000000000054e-01
9.364000000000000000e+03 1.319680000000000020e-01
9.365000000000000000e+03 1.315679999999999905e-01
9.366000000000000000e+03 1.311690000000000078e-01
9.367000000000000000e+03 1.307709999999999984e-01
9.368000000000000000e+03 1.303739999999999899e-01
9.369000000000000000e+03 1.299760000000000082e-01
9.370000000000000000e+03 1.293900000000000050e-01
9.371000000000000000e+03 1.288090000000000068e-01
9.372000000000000000e+03 1.282300000000000106e-01
9.373000000000000000e+03 1.276519999999999877e-01
9.374000000000000000e+03 1.270739999999999925e-01
9.375000000000000000e+03 1.262169999999999959e-01
9.376000000000000000e+03 1.253599999999999992e-01
9.377000000000000000e+03 1.245060000000000056e-01
9.378000000000000000e+03 1.236519999999999980e-01
9.379000000000000000e+03 1.228009999999999935e-01
9.380000000000000000e+03 1.215699999999999975e-01
9.381000000000000000e+03 1.203410000000000035e-01
9.382000000000000000e+03 1.191149999999999987e-01
9.383000000000000000e+03 1.178899999999999948e-01
9.384000000000000000e+03 1.166689999999999949e-01
9.385000000000000000e+03 1.149889999999999940e-01
9.386000000000000000e+03 1.133139999999999981e-01
9.387000000000000000e+03 1.116430000000000061e-01
9.388000000000000000e+03 1.099740000000000023e-01
9.389000000000000000e+03 1.083090000000000025e-01
9.390000000000000000e+03 1.061710000000000015e-01
9.391000000000000000e+03 1.040409999999999946e-01
9.392000000000000000e+03 1.019140000000000046e-01
9.393000000000000000e+03 9.979230000000000045e-02
9.394000000000000000e+03 9.767480000000000606e-02
9.395000000000000000e+03 9.516349999999999809e-02
9.396000000000000000e+03 9.265729999999999800e-02
9.397000000000000000e+03 9.015679999999999528e-02
9.398000000000000000e+03 8.766029999999999656e-02
9.399000000000000000e+03 8.516920000000000046e-02
9.400000000000000000e+03 8.245979999999999976e-02
9.401000000000000000e+03 7.973389999999999644e-02
9.402000000000000000e+03 7.701460000000000250e-02
9.403000000000000000e+03 7.430280000000000218e-02
9.404000000000000000e+03 7.159770000000000023e-02
9.405000000000000000e+03 6.889800000000000091e-02
9.406000000000000000e+03 6.620560000000000334e-02
9.407000000000000000e+03 6.352009999999999601e-02
9.408000000000000000e+03 6.084130000000000094e-02
9.409000000000000000e+03 5.816969999999999780e-02
9.410000000000000000e+03 5.570359999999999895e-02
9.411000000000000000e+03 5.324600000000000166e-02
9.412000000000000000e+03 5.079399999999999887e-02
9.413000000000000000e+03 4.834850000000000259e-02
9.414000000000000000e+03 4.590980000000000061e-02
9.415000000000000000e+03 4.380250000000000116e-02
9.416000000000000000e+03 4.170070000000000027e-02
9.417000000000000000e+03 3.960459999999999675e-02
9.418000000000000000e+03 3.751360000000000111e-02
9.419000000000000000e+03 3.542819999999999997e-02
9.420000000000000000e+03 3.371790000000000204e-02
9.421000000000000000e+03 3.200800000000000173e-02
9.422000000000000000e+03 3.030290000000000067e-02
9.423000000000000000e+03 2.860259999999999886e-02
9.424000000000000000e+03 2.690729999999999858e-02
9.425000000000000000e+03 2.556819999999999926e-02
9.426000000000000000e+03 2.423319999999999988e-02
9.427000000000000000e+03 2.290189999999999934e-02
9.428000000000000000e+03 2.157420000000000171e-02
9.429000000000000000e+03 2.025079999999999936e-02
9.430000000000000000e+03 1.923149999999999860e-02
9.431000000000000000e+03 1.821700000000000055e-02
9.432000000000000000e+03 1.720520000000000035e-02
9.433000000000000000e+03 1.619610000000000147e-02
9.434000000000000000e+03 1.518970000000000042e-02
9.435000000000000000e+03 1.442739999999999995e-02
9.436000000000000000e+03 1.366689999999999919e-02
9.437000000000000000e+03 1.290849999999999984e-02
9.438000000000000000e+03 1.215229999999999956e-02
9.439000000000000000e+03 1.139820000000000069e-02
9.440000000000000000e+03 1.083150000000000085e-02
9.441000000000000000e+03 1.026679999999999954e-02
9.442000000000000000e+03 9.703609999999999666e-03
9.443000000000000000e+03 9.141959999999999323e-03
9.444000000000000000e+03 8.581770000000000717e-03
9.445000000000000000e+03 8.162140000000000020e-03
9.446000000000000000e+03 7.743719999999999944e-03
9.447000000000000000e+03 7.326319999999999881e-03
9.448000000000000000e+03 6.910140000000000379e-03
9.449000000000000000e+03 6.495060000000000416e-03
9.450000000000000000e+03 6.183919999999999868e-03
9.451000000000000000e+03 5.873269999999999880e-03
9.452000000000000000e+03 5.563440000000000225e-03
9.453000000000000000e+03 5.254550000000000193e-03
9.454000000000000000e+03 4.946500000000000376e-03
9.455000000000000000e+03 4.714890000000000227e-03
9.456000000000000000e+03 4.483909999999999806e-03
9.457000000000000000e+03 4.253609999999999683e-03
9.458000000000000000e+03 4.023900000000000393e-03
9.459000000000000000e+03 3.794950000000000059e-03
9.460000000000000000e+03 3.621930000000000201e-03
9.461000000000000000e+03 3.449569999999999893e-03
9.462000000000000000e+03 3.277669999999999889e-03
9.463000000000000000e+03 3.106269999999999951e-03
9.464000000000000000e+03 2.935360000000000139e-03
9.465000000000000000e+03 2.805499999999999834e-03
9.466000000000000000e+03 2.676029999999999815e-03
9.467000000000000000e+03 2.546909999999999886e-03
9.468000000000000000e+03 2.418149999999999987e-03
9.469000000000000000e+03 2.289750000000000119e-03
9.470000000000000000e+03 2.191620000000000026e-03
9.471000000000000000e+03 2.093770000000000006e-03
9.472000000000000000e+03 1.996180000000000176e-03
9.473000000000000000e+03 1.898850000000000104e-03
9.474000000000000000e+03 1.801819999999999984e-03
9.475000000000000000e+03 1.727159999999999937e-03
9.476000000000000000e+03 1.652720000000000100e-03
9.477000000000000000e+03 1.578479999999999944e-03
9.478000000000000000e+03 1.504439999999999901e-03
9.479000000000000000e+03 1.430630000000000009e-03
9.480000000000000000e+03 1.373459999999999959e-03
9.481000000000000000e+03 1.316429999999999944e-03
9.482000000000000000e+03 1.259560000000000063e-03
9.483000000000000000e+03 1.202860000000000040e-03
9.484000000000000000e+03 1.146309999999999994e-03
9.485000000000000000e+03 1.102230000000000050e-03
9.486000000000000000e+03 1.058270000000000044e-03
9.487000000000000000e+03 1.014439999999999916e-03
9.488000000000000000e+03 9.707360000000000381e-04
9.489000000000000000e+03 9.271509999999999734e-04
9.490000000000000000e+03 8.929499999999999937e-04
9.491000000000000000e+03 8.587959999999999951e-04
9.492000000000000000e+03 8.247480000000000392e-04
9.493000000000000000e+03 7.907990000000000158e-04
9.494000000000000000e+03 7.569490000000000333e-04
9.495000000000000000e+03 7.302050000000000467e-04
9.496000000000000000e+03 7.035500000000000521e-04
9.497000000000000000e+03 6.769680000000000142e-04
9.498000000000000000e+03 6.504640000000000118e-04
9.499000000000000000e+03 6.240419999999999995e-04
9.500000000000000000e+03 6.030329999999999979e-04
9.501000000000000000e+03 5.821290000000000232e-04
9.502000000000000000e+03 5.612809999999999544e-04
9.503000000000000000e+03 5.404910000000000400e-04
9.504000000000000000e+03 5.197650000000000490e-04
9.505000000000000000e+03 5.031880000000000077e-04
9.506000000000000000e+03 4.866609999999999946e-04
9.507000000000000000e+03 4.701740000000000151e-04
9.508000000000000000e+03 4.537389999999999870e-04
9.509000000000000000e+03 4.373550000000000029e-04
9.510000000000000000e+03 4.241660000000000178e-04
9.511000000000000000e+03 4.110319999999999772e-04
9.512000000000000000e+03 3.979310000000000225e-04
9.513000000000000000e+03 3.848680000000000156e-04
9.514000000000000000e+03 3.718419999999999950e-04
9.515000000000000000e+03 3.612980000000000228e-04
9.516000000000000000e+03 3.507849999999999966e-04
9.517000000000000000e+03 3.403009999999999933e-04
9.518000000000000000e+03 3.298490000000000059e-04
9.519000000000000000e+03 3.194229999999999943e-04
9.520000000000000000e+03 3.109389999999999854e-04
9.521000000000000000e+03 3.024580000000000237e-04
9.522000000000000000e+03 2.940050000000000150e-04
9.523000000000000000e+03 2.855760000000000048e-04
9.524000000000000000e+03 2.771730000000000244e-04
9.525000000000000000e+03 2.702919999999999932e-04
9.526000000000000000e+03 2.634250000000000198e-04
9.527000000000000000e+03 2.565819999999999906e-04
9.528000000000000000e+03 2.497569999999999738e-04
9.529000000000000000e+03 2.429549999999999939e-04
9.530000000000000000e+03 2.373479999999999915e-04
9.531000000000000000e+03 2.317649999999999875e-04
9.532000000000000000e+03 2.261990000000000073e-04
9.533000000000000000e+03 2.206479999999999921e-04
9.534000000000000000e+03 2.151169999999999938e-04
9.535000000000000000e+03 2.105289999999999896e-04
9.536000000000000000e+03 2.059569999999999934e-04
9.537000000000000000e+03 2.013969999999999964e-04
9.538000000000000000e+03 1.968489999999999986e-04
9.539000000000000000e+03 1.923139999999999886e-04
9.540000000000000000e+03 1.885359999999999987e-04
9.541000000000000000e+03 1.847510000000000070e-04
9.542000000000000000e+03 1.809810000000000075e-04
9.543000000000000000e+03 1.772210000000000029e-04
9.544000000000000000e+03 1.734720000000000088e-04
9.545000000000000000e+03 1.703259999999999952e-04
9.546000000000000000e+03 1.671889999999999878e-04
9.547000000000000000e+03 1.640620000000000023e-04
9.548000000000000000e+03 1.609460000000000003e-04
9.549000000000000000e+03 1.578360000000000114e-04
9.550000000000000000e+03 1.552109999999999883e-04
9.551000000000000000e+03 1.526069999999999976e-04
9.552000000000000000e+03 1.500100000000000088e-04
9.553000000000000000e+03 1.474199999999999946e-04
9.554000000000000000e+03 1.448370000000000094e-04
9.555000000000000000e+03 1.426440000000000119e-04
9.556000000000000000e+03 1.404570000000000005e-04
9.557000000000000000e+03 1.382749999999999865e-04
9.558000000000000000e+03 1.361009999999999900e-04
9.559000000000000000e+03 1.339330000000000067e-04
9.560000000000000000e+03 1.320770000000000028e-04
9.561000000000000000e+03 1.302219999999999875e-04
9.562000000000000000e+03 1.283730000000000125e-04
9.563000000000000000e+03 1.265290000000000078e-04
9.564000000000000000e+03 1.246900000000000005e-04
9.565000000000000000e+03 1.231070000000000124e-04
9.566000000000000000e+03 1.215280000000000060e-04
9.567000000000000000e+03 1.199520000000000062e-04
9.568000000000000000e+03 1.183829999999999946e-04
9.569000000000000000e+03 1.168170000000000032e-04
9.570000000000000000e+03 1.154599999999999957e-04
9.571000000000000000e+03 1.141079999999999991e-04
9.572000000000000000e+03 1.127620000000000022e-04
9.573000000000000000e+03 1.114179999999999961e-04
9.574000000000000000e+03 1.100790000000000010e-04
9.575000000000000000e+03 1.089079999999999947e-04
9.576000000000000000e+03 1.077430000000000016e-04
9.577000000000000000e+03 1.065789999999999972e-04
9.578000000000000000e+03 1.054190000000000015e-04
9.579000000000000000e+03 1.042619999999999989e-04
9.580000000000000000e+03 1.032430000000000007e-04
9.581000000000000000e+03 1.022170000000000007e-04
9.582000000000000000e+03 1.011949999999999959e-04
9.583000000000000000e+03 1.001730000000000047e-04
9.584000000000000000e+03 9.915740000000000036e-05
9.585000000000000000e+03 9.825419999999999857e-05
9.586000000000000000e+03 9.735309999999999461e-05
9.587000000000000000e+03 9.645490000000000379e-05
9.588000000000000000e+03 9.556029999999999375e-05
9.589000000000000000e+03 9.466730000000000078e-05
9.590000000000000000e+03 9.386840000000000407e-05
9.591000000000000000e+03 9.308499999999999392e-05
9.592000000000000000e+03 9.230429999999999646e-05
9.593000000000000000e+03 9.152489999999999508e-05
9.594000000000000000e+03 9.074769999999999853e-05
9.595000000000000000e+03 9.004760000000000162e-05
9.596000000000000000e+03 8.934929999999999511e-05
9.597000000000000000e+03 8.865330000000000042e-05
9.598000000000000000e+03 8.795800000000000049e-05
9.599000000000000000e+03 8.726539999999999970e-05
9.600000000000000000e+03 8.663609999999999541e-05
9.601000000000000000e+03 8.601019999999999857e-05
9.602000000000000000e+03 8.538720000000000131e-05
9.603000000000000000e+03 8.476619999999999489e-05
9.604000000000000000e+03 8.414529999999999547e-05
9.605000000000000000e+03 8.357840000000000603e-05
9.606000000000000000e+03 8.301070000000000128e-05
9.607000000000000000e+03 8.244660000000000443e-05
9.608000000000000000e+03 8.188340000000000278e-05
9.609000000000000000e+03 8.132109999999999632e-05
9.610000000000000000e+03 8.080229999999999715e-05
9.611000000000000000e+03 8.028010000000000408e-05
9.612000000000000000e+03 7.975869999999999922e-05
9.613000000000000000e+03 7.923990000000000005e-05
9.614000000000000000e+03 7.872060000000000656e-05
9.615000000000000000e+03 7.823870000000000022e-05
9.616000000000000000e+03 7.775710000000000130e-05
9.617000000000000000e+03 7.727750000000000678e-05
9.618000000000000000e+03 7.679820000000000613e-05
9.619000000000000000e+03 7.632060000000000244e-05
9.620000000000000000e+03 7.587230000000000200e-05
9.621000000000000000e+03 7.542349999999999369e-05
9.622000000000000000e+03 7.497460000000000550e-05
9.623000000000000000e+03 7.452800000000000201e-05
9.624000000000000000e+03 7.408170000000000597e-05
9.625000000000000000e+03 7.365990000000000265e-05
9.626000000000000000e+03 7.323970000000000285e-05
9.627000000000000000e+03 7.282010000000000436e-05
9.628000000000000000e+03 7.240140000000000106e-05
9.629000000000000000e+03 7.198510000000000303e-05
9.630000000000000000e+03 7.158689999999999726e-05
9.631000000000000000e+03 7.119539999999999940e-05
9.632000000000000000e+03 7.080430000000000241e-05
9.633000000000000000e+03 7.041490000000000238e-05
9.634000000000000000e+03 7.002639999999999755e-05
9.635000000000000000e+03 6.965340000000000637e-05
9.636000000000000000e+03 6.928240000000000602e-05
9.637000000000000000e+03 6.891180000000000656e-05
9.638000000000000000e+03 6.854179999999999485e-05
9.639000000000000000e+03 6.817330000000000677e-05
9.640000000000000000e+03 6.781740000000000565e-05
9.641000000000000000e+03 6.745729999999999533e-05
9.642000000000000000e+03 6.709889999999999550e-05
9.643000000000000000e+03 6.674049999999999568e-05
9.644000000000000000e+03 6.638340000000000549e-05
9.645000000000000000e+03 6.603760000000000619e-05
9.646000000000000000e+03 6.569169999999999990e-05
9.647000000000000000e+03 6.534750000000000411e-05
9.648000000000000000e+03 6.500440000000000395e-05
9.649000000000000000e+03 6.466110000000000336e-05
9.650000000000000000e+03 6.432719999999999628e-05
9.651000000000000000e+03 6.400010000000000410e-05
9.652000000000000000e+03 6.367449999999999488e-05
9.653000000000000000e+03 6.334959999999999398e-05
9.654000000000000000e+03 6.302500000000000051e-05
9.655000000000000000e+03 6.270779999999999616e-05
9.656000000000000000e+03 6.239159999999999400e-05
9.657000000000000000e+03 6.207500000000000452e-05
9.658000000000000000e+03 6.176020000000000544e-05
9.659000000000000000e+03 6.144619999999999455e-05
9.660000000000000000e+03 6.113679999999999375e-05
9.661000000000000000e+03 6.082500000000000124e-05
9.662000000000000000e+03 6.051429999999999760e-05
9.663000000000000000e+03 6.020430000000000226e-05
9.664000000000000000e+03 5.989500000000000168e-05
9.665000000000000000e+03 5.958970000000000309e-05
9.666000000000000000e+03 5.928580000000000080e-05
9.667000000000000000e+03 5.898260000000000005e-05
9.668000000000000000e+03 5.867980000000000017e-05
9.669000000000000000e+03 5.837830000000000314e-05
9.670000000000000000e+03 5.808009999999999979e-05
9.671000000000000000e+03 5.778150000000000235e-05
9.672000000000000000e+03 5.748470000000000207e-05
9.673000000000000000e+03 5.718840000000000289e-05
9.674000000000000000e+03 5.689229999999999738e-05
9.675000000000000000e+03 5.659949999999999910e-05
9.676000000000000000e+03 5.630680000000000103e-05
9.677000000000000000e+03 5.601509999999999839e-05
9.678000000000000000e+03 5.572409999999999728e-05
9.679000000000000000e+03 5.543339999999999683e-05
9.680000000000000000e+03 5.514520000000000186e-05
9.681000000000000000e+03 5.485939999999999859e-05
9.682000000000000000e+03 5.457290000000000058e-05
9.683000000000000000e+03 5.428870000000000082e-05
9.684000000000000000e+03 5.400450000000000107e-05
9.685000000000000000e+03 5.372120000000000329e-05
9.686000000000000000e+03 5.343880000000000071e-05
9.687000000000000000e+03 5.315770000000000098e-05
9.688000000000000000e+03 5.287640000000000081e-05
9.689000000000000000e+03 5.259699999999999803e-05
9.690000000000000000e+03 5.231710000000000093e-05
9.691000000000000000e+03 5.203980000000000275e-05
9.692000000000000000e+03 5.176360000000000022e-05
9.693000000000000000e+03 5.148769999999999833e-05
9.694000000000000000e+03 5.121249999999999799e-05
9.695000000000000000e+03 5.093819999999999961e-05
9.696000000000000000e+03 5.066360000000000058e-05
9.697000000000000000e+03 5.039049999999999806e-05
9.698000000000000000e+03 5.011789999999999664e-05
9.699000000000000000e+03 4.984580000000000309e-05
9.700000000000000000e+03 4.957380000000000299e-05
9.701000000000000000e+03 4.930229999999999720e-05
9.702000000000000000e+03 4.903119999999999907e-05
9.703000000000000000e+03 4.876100000000000291e-05
9.704000000000000000e+03 4.849150000000000151e-05
9.705000000000000000e+03 4.822210000000000033e-05
9.706000000000000000e+03 4.795299999999999980e-05
9.707000000000000000e+03 4.768480000000000125e-05
9.708000000000000000e+03 4.741670000000000292e-05
9.709000000000000000e+03 4.715030000000000154e-05
9.710000000000000000e+03 4.688269999999999753e-05
9.711000000000000000e+03 4.661389999999999767e-05
9.712000000000000000e+03 4.634549999999999868e-05
9.713000000000000000e+03 4.607780000000000122e-05
9.714000000000000000e+03 4.581099999999999897e-05
9.715000000000000000e+03 4.554320000000000129e-05
9.716000000000000000e+03 4.527720000000000079e-05
9.717000000000000000e+03 4.501079999999999941e-05
9.718000000000000000e+03 4.474590000000000132e-05
9.719000000000000000e+03 4.448149999999999755e-05
9.720000000000000000e+03 4.421669999999999968e-05
9.721000000000000000e+03 4.395420000000000007e-05
9.722000000000000000e+03 4.369250000000000222e-05
9.723000000000000000e+03 4.343099999999999804e-05
9.724000000000000000e+03 4.317129999999999779e-05
9.725000000000000000e+03 4.291020000000000126e-05
9.726000000000000000e+03 4.264989999999999970e-05
9.727000000000000000e+03 4.239070000000000056e-05
9.728000000000000000e+03 4.213220000000000295e-05
9.729000000000000000e+03 4.187399999999999922e-05
9.730000000000000000e+03 4.161580000000000227e-05
9.731000000000000000e+03 4.135699999999999723e-05
9.732000000000000000e+03 4.109970000000000225e-05
9.733000000000000000e+03 4.084310000000000203e-05
9.734000000000000000e+03 4.058690000000000268e-05
9.735000000000000000e+03 4.033040000000000268e-05
9.736000000000000000e+03 4.007429999999999678e-05
9.737000000000000000e+03 3.981919999999999985e-05
9.738000000000000000e+03 3.956469999999999746e-05
9.739000000000000000e+03 3.931099999999999682e-05
9.740000000000000000e+03 3.905670000000000165e-05
9.741000000000000000e+03 3.880320000000000145e-05
9.742000000000000000e+03 3.854970000000000125e-05
9.743000000000000000e+03 3.829759999999999735e-05
9.744000000000000000e+03 3.804600000000000131e-05
9.745000000000000000e+03 3.779359999999999675e-05
9.746000000000000000e+03 3.754220000000000116e-05
9.747000000000000000e+03 3.729150000000000032e-05
9.748000000000000000e+03 3.704180000000000168e-05
9.749000000000000000e+03 3.679279999999999779e-05
9.750000000000000000e+03 3.654319999999999937e-05
9.751000000000000000e+03 3.629559999999999856e-05
9.752000000000000000e+03 3.604849999999999884e-05
9.753000000000000000e+03 3.580220000000000087e-05
9.754000000000000000e+03 3.555600000000000313e-05
9.755000000000000000e+03 3.531019999999999949e-05
9.756000000000000000e+03 3.506539999999999804e-05
9.757000000000000000e+03 3.482079999999999702e-05
9.758000000000000000e+03 3.457709999999999798e-05
9.759000000000000000e+03 3.433410000000000048e-05
9.760000000000000000e+03 3.409100000000000276e-05
9.761000000000000000e+03 3.384940000000000155e-05
9.762000000000000000e+03 3.360780000000000034e-05
9.763000000000000000e+03 3.336740000000000176e-05
9.764000000000000000e+03 3.312769999999999794e-05
9.765000000000000000e+03 3.288780000000000045e-05
9.766000000000000000e+03 3.264869999999999795e-05
9.767000000000000000e+03 3.241069999999999786e-05
9.768000000000000000e+03 3.217329999999999908e-05
9.769000000000000000e+03 3.193610000000000074e-05
9.770000000000000000e+03 3.169949999999999694e-05
9.771000000000000000e+03 3.146040000000000121e-05
9.772000000000000000e+03 3.122200000000000024e-05
9.773000000000000000e+03 3.098420000000000059e-05
9.774000000000000000e+03 3.074769999999999701e-05
9.775000000000000000e+03 3.051099999999999976e-05
9.776000000000000000e+03 3.027520000000000111e-05
9.777000000000000000e+03 3.004010000000000060e-05
9.778000000000000000e+03 2.980609999999999911e-05
9.779000000000000000e+03 2.957269999999999894e-05
9.780000000000000000e+03 2.934010000000000052e-05
